5000 1.50485e+07 15473.6
5001 1.50425e+07 15461.3
5002 1.50365e+07 15448.9
5003 1.50305e+07 15436.6
5004 1.50244e+07 15424.2
5005 1.50184e+07 15411.9
5006 1.50124e+07 15399.6
5007 1.50064e+07 15387.3
5008 1.50004e+07 15375
5009 1.49944e+07 15362.7
5010 1.49885e+07 15350.5
5011 1.49825e+07 15338.2
5012 1.49765e+07 15326
5013 1.49705e+07 15313.8
5014 1.49645e+07 15301.5
5015 1.49586e+07 15289.3
5016 1.49526e+07 15277.1
5017 1.49466e+07 15265
5018 1.49407e+07 15252.8
5019 1.49347e+07 15240.7
5020 1.49288e+07 15228.5
5021 1.49228e+07 15216.4
5022 1.49169e+07 15204.3
5023 1.49109e+07 15192.2
5024 1.4905e+07 15180.1
5025 1.4899e+07 15168
5026 1.48931e+07 15155.9
5027 1.48872e+07 15143.9
5028 1.48813e+07 15131.8
5029 1.48753e+07 15119.8
5030 1.48694e+07 15107.8
5031 1.48635e+07 15095.8
5032 1.48576e+07 15083.8
5033 1.48517e+07 15071.8
5034 1.48458e+07 15059.8
5035 1.48399e+07 15047.9
5036 1.4834e+07 15035.9
5037 1.48281e+07 15024
5038 1.48222e+07 15012
5039 1.48163e+07 15000.1
5040 1.48104e+07 14988.2
5041 1.48045e+07 14976.3
5042 1.47987e+07 14964.5
5043 1.47928e+07 14952.6
5044 1.47869e+07 14940.7
5045 1.47811e+07 14928.9
5046 1.47752e+07 14917.1
5047 1.47693e+07 14905.2
5048 1.47635e+07 14893.4
5049 1.47576e+07 14881.6
5050 1.47518e+07 14869.9
5051 1.47459e+07 14858.1
5052 1.47401e+07 14846.3
5053 1.47343e+07 14834.6
5054 1.47284e+07 14822.8
5055 1.47226e+07 14811.1
5056 1.47168e+07 14799.4
5057 1.47109e+07 14787.7
5058 1.47051e+07 14776
5059 1.46993e+07 14764.3
5060 1.46935e+07 14752.7
5061 1.46877e+07 14741
5062 1.46819e+07 14729.4
5063 1.46761e+07 14717.7
5064 1.46703e+07 14706.1
5065 1.46645e+07 14694.5
5066 1.46587e+07 14682.9
5067 1.46529e+07 14671.3
5068 1.46471e+07 14659.7
5069 1.46413e+07 14648.2
5070 1.46355e+07 14636.6
5071 1.46298e+07 14625.1
5072 1.4624e+07 14613.5
5073 1.46182e+07 14602
5074 1.46124e+07 14590.5
5075 1.46067e+07 14579
5076 1.46009e+07 14567.5
5077 1.45952e+07 14556.1
5078 1.45894e+07 14544.6
5079 1.45837e+07 14533.1
5080 1.45779e+07 14521.7
5081 1.45722e+07 14510.3
5082 1.45664e+07 14498.9
5083 1.45607e+07 14487.5
5084 1.4555e+07 14476.1
5085 1.45493e+07 14464.7
5086 1.45435e+07 14453.3
5087 1.45378e+07 14441.9
5088 1.45321e+07 14430.6
5089 1.45264e+07 14419.2
5090 1.45207e+07 14407.9
5091 1.4515e+07 14396.6
5092 1.45092e+07 14385.3
5093 1.45035e+07 14374
5094 1.44978e+07 14362.7
5095 1.44922e+07 14351.4
5096 1.44865e+07 14340.2
5097 1.44808e+07 14328.9
5098 1.44751e+07 14317.7
5099 1.44694e+07 14306.5
5100 1.44637e+07 14295.2
5101 1.44581e+07 14284
5102 1.44524e+07 14272.8
5103 1.44467e+07 14261.7
5104 1.44411e+07 14250.5
5105 1.44354e+07 14239.3
5106 1.44297e+07 14228.2
5107 1.44241e+07 14217
5108 1.44184e+07 14205.9
5109 1.44128e+07 14194.8
5110 1.44071e+07 14183.7
5111 1.44015e+07 14172.6
5112 1.43959e+07 14161.5
5113 1.43902e+07 14150.4
5114 1.43846e+07 14139.4
5115 1.4379e+07 14128.3
5116 1.43733e+07 14117.3
5117 1.43677e+07 14106.2
5118 1.43621e+07 14095.2
5119 1.43565e+07 14084.2
5120 1.43509e+07 14073.2
5121 1.43453e+07 14062.2
5122 1.43397e+07 14051.2
5123 1.43341e+07 14040.3
5124 1.43285e+07 14029.3
5125 1.43229e+07 14018.4
5126 1.43173e+07 14007.4
5127 1.43117e+07 13996.5
5128 1.43061e+07 13985.6
5129 1.43005e+07 13974.7
5130 1.42949e+07 13963.8
5131 1.42894e+07 13952.9
5132 1.42838e+07 13942
5133 1.42782e+07 13931.2
5134 1.42726e+07 13920.3
5135 1.42671e+07 13909.5
5136 1.42615e+07 13898.6
5137 1.4256e+07 13887.8
5138 1.42504e+07 13877
5139 1.42449e+07 13866.2
5140 1.42393e+07 13855.4
5141 1.42338e+07 13844.7
5142 1.42282e+07 13833.9
5143 1.42227e+07 13823.1
5144 1.42172e+07 13812.4
5145 1.42116e+07 13801.6
5146 1.42061e+07 13790.9
5147 1.42006e+07 13780.2
5148 1.41951e+07 13769.5
5149 1.41896e+07 13758.8
5150 1.4184e+07 13748.1
5151 1.41785e+07 13737.5
5152 1.4173e+07 13726.8
5153 1.41675e+07 13716.1
5154 1.4162e+07 13705.5
5155 1.41565e+07 13694.9
5156 1.4151e+07 13684.2
5157 1.41455e+07 13673.6
5158 1.414e+07 13663
5159 1.41346e+07 13652.4
5160 1.41291e+07 13641.9
5161 1.41236e+07 13631.3
5162 1.41181e+07 13620.7
5163 1.41126e+07 13610.2
5164 1.41072e+07 13599.6
5165 1.41017e+07 13589.1
5166 1.40962e+07 13578.6
5167 1.40908e+07 13568.1
5168 1.40853e+07 13557.6
5169 1.40799e+07 13547.1
5170 1.40744e+07 13536.6
5171 1.4069e+07 13526.2
5172 1.40635e+07 13515.7
5173 1.40581e+07 13505.2
5174 1.40527e+07 13494.8
5175 1.40472e+07 13484.4
5176 1.40418e+07 13474
5177 1.40364e+07 13463.6
5178 1.40309e+07 13453.2
5179 1.40255e+07 13442.8
5180 1.40201e+07 13432.4
5181 1.40147e+07 13422
5182 1.40093e+07 13411.7
5183 1.40039e+07 13401.3
5184 1.39985e+07 13391
5185 1.39931e+07 13380.7
5186 1.39877e+07 13370.3
5187 1.39823e+07 13360
5188 1.39769e+07 13349.7
5189 1.39715e+07 13339.4
5190 1.39661e+07 13329.2
5191 1.39607e+07 13318.9
5192 1.39553e+07 13308.6
5193 1.39499e+07 13298.4
5194 1.39446e+07 13288.2
5195 1.39392e+07 13277.9
5196 1.39338e+07 13267.7
5197 1.39285e+07 13257.5
5198 1.39231e+07 13247.3
5199 1.39177e+07 13237.1
5200 1.39124e+07 13226.9
5201 1.3907e+07 13216.8
5202 1.39017e+07 13206.6
5203 1.38963e+07 13196.4
5204 1.3891e+07 13186.3
5205 1.38857e+07 13176.2
5206 1.38803e+07 13166.1
5207 1.3875e+07 13155.9
5208 1.38696e+07 13145.8
5209 1.38643e+07 13135.8
5210 1.3859e+07 13125.7
5211 1.38537e+07 13115.6
5212 1.38484e+07 13105.5
5213 1.3843e+07 13095.5
5214 1.38377e+07 13085.4
5215 1.38324e+07 13075.4
5216 1.38271e+07 13065.4
5217 1.38218e+07 13055.4
5218 1.38165e+07 13045.4
5219 1.38112e+07 13035.4
5220 1.38059e+07 13025.4
5221 1.38006e+07 13015.4
5222 1.37953e+07 13005.4
5223 1.379e+07 12995.5
5224 1.37848e+07 12985.5
5225 1.37795e+07 12975.6
5226 1.37742e+07 12965.7
5227 1.37689e+07 12955.7
5228 1.37637e+07 12945.8
5229 1.37584e+07 12935.9
5230 1.37531e+07 12926
5231 1.37479e+07 12916.2
5232 1.37426e+07 12906.3
5233 1.37373e+07 12896.4
5234 1.37321e+07 12886.6
5235 1.37268e+07 12876.7
5236 1.37216e+07 12866.9
5237 1.37164e+07 12857.1
5238 1.37111e+07 12847.3
5239 1.37059e+07 12837.5
5240 1.37006e+07 12827.7
5241 1.36954e+07 12817.9
5242 1.36902e+07 12808.1
5243 1.3685e+07 12798.3
5244 1.36797e+07 12788.6
5245 1.36745e+07 12778.8
5246 1.36693e+07 12769.1
5247 1.36641e+07 12759.3
5248 1.36589e+07 12749.6
5249 1.36537e+07 12739.9
5250 1.36485e+07 12730.2
5251 1.36433e+07 12720.5
5252 1.36381e+07 12710.8
5253 1.36329e+07 12701.1
5254 1.36277e+07 12691.5
5255 1.36225e+07 12681.8
5256 1.36173e+07 12672.2
5257 1.36121e+07 12662.5
5258 1.36069e+07 12652.9
5259 1.36018e+07 12643.3
5260 1.35966e+07 12633.7
5261 1.35914e+07 12624.1
5262 1.35862e+07 12614.5
5263 1.35811e+07 12604.9
5264 1.35759e+07 12595.3
5265 1.35708e+07 12585.7
5266 1.35656e+07 12576.2
5267 1.35604e+07 12566.6
5268 1.35553e+07 12557.1
5269 1.35501e+07 12547.6
5270 1.3545e+07 12538
5271 1.35399e+07 12528.5
5272 1.35347e+07 12519
5273 1.35296e+07 12509.5
5274 1.35244e+07 12500.1
5275 1.35193e+07 12490.6
5276 1.35142e+07 12481.1
5277 1.35091e+07 12471.7
5278 1.35039e+07 12462.2
5279 1.34988e+07 12452.8
5280 1.34937e+07 12443.3
5281 1.34886e+07 12433.9
5282 1.34835e+07 12424.5
5283 1.34784e+07 12415.1
5284 1.34733e+07 12405.7
5285 1.34682e+07 12396.3
5286 1.34631e+07 12386.9
5287 1.3458e+07 12377.6
5288 1.34529e+07 12368.2
5289 1.34478e+07 12358.9
5290 1.34427e+07 12349.5
5291 1.34376e+07 12340.2
5292 1.34325e+07 12330.9
5293 1.34275e+07 12321.5
5294 1.34224e+07 12312.2
5295 1.34173e+07 12302.9
5296 1.34122e+07 12293.6
5297 1.34072e+07 12284.4
5298 1.34021e+07 12275.1
5299 1.3397e+07 12265.8
5300 1.3392e+07 12256.6
5301 1.33869e+07 12247.3
5302 1.33819e+07 12238.1
5303 1.33768e+07 12228.9
5304 1.33718e+07 12219.6
5305 1.33667e+07 12210.4
5306 1.33617e+07 12201.2
5307 1.33567e+07 12192
5308 1.33516e+07 12182.8
5309 1.33466e+07 12173.7
5310 1.33416e+07 12164.5
5311 1.33365e+07 12155.3
5312 1.33315e+07 12146.2
5313 1.33265e+07 12137
5314 1.33215e+07 12127.9
5315 1.33164e+07 12118.8
5316 1.33114e+07 12109.7
5317 1.33064e+07 12100.6
5318 1.33014e+07 12091.5
5319 1.32964e+07 12082.4
5320 1.32914e+07 12073.3
5321 1.32864e+07 12064.2
5322 1.32814e+07 12055.2
5323 1.32764e+07 12046.1
5324 1.32714e+07 12037.1
5325 1.32664e+07 12028
5326 1.32615e+07 12019
5327 1.32565e+07 12010
5328 1.32515e+07 12000.9
5329 1.32465e+07 11991.9
5330 1.32416e+07 11982.9
5331 1.32366e+07 11974
5332 1.32316e+07 11965
5333 1.32266e+07 11956
5334 1.32217e+07 11947
5335 1.32167e+07 11938.1
5336 1.32118e+07 11929.1
5337 1.32068e+07 11920.2
5338 1.32019e+07 11911.3
5339 1.31969e+07 11902.4
5340 1.3192e+07 11893.4
5341 1.3187e+07 11884.5
5342 1.31821e+07 11875.6
5343 1.31771e+07 11866.7
5344 1.31722e+07 11857.9
5345 1.31673e+07 11849
5346 1.31624e+07 11840.1
5347 1.31574e+07 11831.3
5348 1.31525e+07 11822.4
5349 1.31476e+07 11813.6
5350 1.31427e+07 11804.8
5351 1.31378e+07 11795.9
5352 1.31328e+07 11787.1
5353 1.31279e+07 11778.3
5354 1.3123e+07 11769.5
5355 1.31181e+07 11760.7
5356 1.31132e+07 11752
5357 1.31083e+07 11743.2
5358 1.31034e+07 11734.4
5359 1.30985e+07 11725.7
5360 1.30936e+07 11716.9
5361 1.30888e+07 11708.2
5362 1.30839e+07 11699.4
5363 1.3079e+07 11690.7
5364 1.30741e+07 11682
5365 1.30692e+07 11673.3
5366 1.30644e+07 11664.6
5367 1.30595e+07 11655.9
5368 1.30546e+07 11647.2
5369 1.30497e+07 11638.5
5370 1.30449e+07 11629.9
5371 1.304e+07 11621.2
5372 1.30352e+07 11612.6
5373 1.30303e+07 11603.9
5374 1.30255e+07 11595.3
5375 1.30206e+07 11586.7
5376 1.30158e+07 11578
5377 1.30109e+07 11569.4
5378 1.30061e+07 11560.8
5379 1.30012e+07 11552.2
5380 1.29964e+07 11543.7
5381 1.29916e+07 11535.1
5382 1.29867e+07 11526.5
5383 1.29819e+07 11517.9
5384 1.29771e+07 11509.4
5385 1.29723e+07 11500.8
5386 1.29674e+07 11492.3
5387 1.29626e+07 11483.8
5388 1.29578e+07 11475.2
5389 1.2953e+07 11466.7
5390 1.29482e+07 11458.2
5391 1.29434e+07 11449.7
5392 1.29386e+07 11441.2
5393 1.29338e+07 11432.8
5394 1.2929e+07 11424.3
5395 1.29242e+07 11415.8
5396 1.29194e+07 11407.3
5397 1.29146e+07 11398.9
5398 1.29098e+07 11390.5
5399 1.2905e+07 11382
5400 1.29002e+07 11373.6
5401 1.28955e+07 11365.2
5402 1.28907e+07 11356.8
5403 1.28859e+07 11348.3
5404 1.28811e+07 11339.9
5405 1.28764e+07 11331.6
5406 1.28716e+07 11323.2
5407 1.28668e+07 11314.8
5408 1.28621e+07 11306.4
5409 1.28573e+07 11298.1
5410 1.28526e+07 11289.7
5411 1.28478e+07 11281.4
5412 1.28431e+07 11273
5413 1.28383e+07 11264.7
5414 1.28336e+07 11256.4
5415 1.28288e+07 11248.1
5416 1.28241e+07 11239.8
5417 1.28194e+07 11231.5
5418 1.28146e+07 11223.2
5419 1.28099e+07 11214.9
5420 1.28052e+07 11206.6
5421 1.28004e+07 11198.4
5422 1.27957e+07 11190.1
5423 1.2791e+07 11181.9
5424 1.27863e+07 11173.6
5425 1.27815e+07 11165.4
5426 1.27768e+07 11157.1
5427 1.27721e+07 11148.9
5428 1.27674e+07 11140.7
5429 1.27627e+07 11132.5
5430 1.2758e+07 11124.3
5431 1.27533e+07 11116.1
5432 1.27486e+07 11107.9
5433 1.27439e+07 11099.8
5434 1.27392e+07 11091.6
5435 1.27345e+07 11083.4
5436 1.27298e+07 11075.3
5437 1.27252e+07 11067.1
5438 1.27205e+07 11059
5439 1.27158e+07 11050.9
5440 1.27111e+07 11042.7
5441 1.27064e+07 11034.6
5442 1.27018e+07 11026.5
5443 1.26971e+07 11018.4
5444 1.26924e+07 11010.3
5445 1.26878e+07 11002.2
5446 1.26831e+07 10994.2
5447 1.26784e+07 10986.1
5448 1.26738e+07 10978
5449 1.26691e+07 10970
5450 1.26645e+07 10961.9
5451 1.26598e+07 10953.9
5452 1.26552e+07 10945.8
5453 1.26505e+07 10937.8
5454 1.26459e+07 10929.8
5455 1.26413e+07 10921.8
5456 1.26366e+07 10913.8
5457 1.2632e+07 10905.8
5458 1.26274e+07 10897.8
5459 1.26227e+07 10889.8
5460 1.26181e+07 10881.8
5461 1.26135e+07 10873.9
5462 1.26089e+07 10865.9
5463 1.26042e+07 10857.9
5464 1.25996e+07 10850
5465 1.2595e+07 10842.1
5466 1.25904e+07 10834.1
5467 1.25858e+07 10826.2
5468 1.25812e+07 10818.3
5469 1.25766e+07 10810.4
5470 1.2572e+07 10802.5
5471 1.25674e+07 10794.6
5472 1.25628e+07 10786.7
5473 1.25582e+07 10778.8
5474 1.25536e+07 10770.9
5475 1.2549e+07 10763.1
5476 1.25444e+07 10755.2
5477 1.25398e+07 10747.4
5478 1.25353e+07 10739.5
5479 1.25307e+07 10731.7
5480 1.25261e+07 10723.8
5481 1.25215e+07 10716
5482 1.2517e+07 10708.2
5483 1.25124e+07 10700.4
5484 1.25078e+07 10692.6
5485 1.25033e+07 10684.8
5486 1.24987e+07 10677
5487 1.24941e+07 10669.2
5488 1.24896e+07 10661.4
5489 1.2485e+07 10653.7
5490 1.24805e+07 10645.9
5491 1.24759e+07 10638.2
5492 1.24714e+07 10630.4
5493 1.24668e+07 10622.7
5494 1.24623e+07 10614.9
5495 1.24578e+07 10607.2
5496 1.24532e+07 10599.5
5497 1.24487e+07 10591.8
5498 1.24442e+07 10584.1
5499 1.24396e+07 10576.4
5500 1.24351e+07 10568.7
5501 1.24306e+07 10561
5502 1.24261e+07 10553.3
5503 1.24216e+07 10545.7
5504 1.2417e+07 10538
5505 1.24125e+07 10530.4
5506 1.2408e+07 10522.7
5507 1.24035e+07 10515.1
5508 1.2399e+07 10507.4
5509 1.23945e+07 10499.8
5510 1.239e+07 10492.2
5511 1.23855e+07 10484.6
5512 1.2381e+07 10477
5513 1.23765e+07 10469.4
5514 1.2372e+07 10461.8
5515 1.23675e+07 10454.2
5516 1.2363e+07 10446.6
5517 1.23586e+07 10439
5518 1.23541e+07 10431.5
5519 1.23496e+07 10423.9
5520 1.23451e+07 10416.4
5521 1.23406e+07 10408.8
5522 1.23362e+07 10401.3
5523 1.23317e+07 10393.7
5524 1.23272e+07 10386.2
5525 1.23228e+07 10378.7
5526 1.23183e+07 10371.2
5527 1.23138e+07 10363.7
5528 1.23094e+07 10356.2
5529 1.23049e+07 10348.7
5530 1.23005e+07 10341.2
5531 1.2296e+07 10333.7
5532 1.22916e+07 10326.3
5533 1.22871e+07 10318.8
5534 1.22827e+07 10311.4
5535 1.22782e+07 10303.9
5536 1.22738e+07 10296.5
5537 1.22694e+07 10289
5538 1.22649e+07 10281.6
5539 1.22605e+07 10274.2
5540 1.22561e+07 10266.8
5541 1.22517e+07 10259.3
5542 1.22472e+07 10251.9
5543 1.22428e+07 10244.6
5544 1.22384e+07 10237.2
5545 1.2234e+07 10229.8
5546 1.22296e+07 10222.4
5547 1.22251e+07 10215
5548 1.22207e+07 10207.7
5549 1.22163e+07 10200.3
5550 1.22119e+07 10193
5551 1.22075e+07 10185.6
5552 1.22031e+07 10178.3
5553 1.21987e+07 10171
5554 1.21943e+07 10163.6
5555 1.21899e+07 10156.3
5556 1.21856e+07 10149
5557 1.21812e+07 10141.7
5558 1.21768e+07 10134.4
5559 1.21724e+07 10127.1
5560 1.2168e+07 10119.8
5561 1.21636e+07 10112.6
5562 1.21593e+07 10105.3
5563 1.21549e+07 10098
5564 1.21505e+07 10090.8
5565 1.21461e+07 10083.5
5566 1.21418e+07 10076.3
5567 1.21374e+07 10069
5568 1.21331e+07 10061.8
5569 1.21287e+07 10054.6
5570 1.21243e+07 10047.4
5571 1.212e+07 10040.1
5572 1.21156e+07 10032.9
5573 1.21113e+07 10025.7
5574 1.21069e+07 10018.5
5575 1.21026e+07 10011.4
5576 1.20982e+07 10004.2
5577 1.20939e+07 9997
5578 1.20896e+07 9989.84
5579 1.20852e+07 9982.68
5580 1.20809e+07 9975.52
5581 1.20766e+07 9968.37
5582 1.20722e+07 9961.23
5583 1.20679e+07 9954.1
5584 1.20636e+07 9946.97
5585 1.20593e+07 9939.85
5586 1.20549e+07 9932.73
5587 1.20506e+07 9925.62
5588 1.20463e+07 9918.52
5589 1.2042e+07 9911.42
5590 1.20377e+07 9904.33
5591 1.20334e+07 9897.25
5592 1.20291e+07 9890.17
5593 1.20248e+07 9883.1
5594 1.20205e+07 9876.03
5595 1.20162e+07 9868.97
5596 1.20119e+07 9861.92
5597 1.20076e+07 9854.88
5598 1.20033e+07 9847.84
5599 1.1999e+07 9840.8
5600 1.19947e+07 9833.78
5601 1.19904e+07 9826.75
5602 1.19861e+07 9819.74
5603 1.19818e+07 9812.73
5604 1.19776e+07 9805.73
5605 1.19733e+07 9798.73
5606 1.1969e+07 9791.74
5607 1.19647e+07 9784.76
5608 1.19605e+07 9777.78
5609 1.19562e+07 9770.81
5610 1.19519e+07 9763.85
5611 1.19477e+07 9756.89
5612 1.19434e+07 9749.94
5613 1.19392e+07 9742.99
5614 1.19349e+07 9736.05
5615 1.19307e+07 9729.12
5616 1.19264e+07 9722.19
5617 1.19222e+07 9715.27
5618 1.19179e+07 9708.35
5619 1.19137e+07 9701.44
5620 1.19094e+07 9694.54
5621 1.19052e+07 9687.64
5622 1.19009e+07 9680.75
5623 1.18967e+07 9673.87
5624 1.18925e+07 9666.99
5625 1.18882e+07 9660.11
5626 1.1884e+07 9653.25
5627 1.18798e+07 9646.39
5628 1.18756e+07 9639.53
5629 1.18713e+07 9632.69
5630 1.18671e+07 9625.84
5631 1.18629e+07 9619.01
5632 1.18587e+07 9612.18
5633 1.18545e+07 9605.35
5634 1.18503e+07 9598.54
5635 1.18461e+07 9591.73
5636 1.18419e+07 9584.92
5637 1.18377e+07 9578.12
5638 1.18335e+07 9571.33
5639 1.18293e+07 9564.54
5640 1.18251e+07 9557.76
5641 1.18209e+07 9550.98
5642 1.18167e+07 9544.21
5643 1.18125e+07 9537.45
5644 1.18083e+07 9530.69
5645 1.18041e+07 9523.94
5646 1.17999e+07 9517.19
5647 1.17957e+07 9510.45
5648 1.17916e+07 9503.72
5649 1.17874e+07 9496.99
5650 1.17832e+07 9490.27
5651 1.1779e+07 9483.56
5652 1.17749e+07 9476.85
5653 1.17707e+07 9470.14
5654 1.17665e+07 9463.44
5655 1.17624e+07 9456.75
5656 1.17582e+07 9450.07
5657 1.17541e+07 9443.38
5658 1.17499e+07 9436.71
5659 1.17457e+07 9430.04
5660 1.17416e+07 9423.38
5661 1.17374e+07 9416.72
5662 1.17333e+07 9410.07
5663 1.17291e+07 9403.43
5664 1.1725e+07 9396.79
5665 1.17209e+07 9390.15
5666 1.17167e+07 9383.53
5667 1.17126e+07 9376.91
5668 1.17084e+07 9370.29
5669 1.17043e+07 9363.68
5670 1.17002e+07 9357.08
5671 1.16961e+07 9350.48
5672 1.16919e+07 9343.89
5673 1.16878e+07 9337.3
5674 1.16837e+07 9330.72
5675 1.16796e+07 9324.14
5676 1.16754e+07 9317.57
5677 1.16713e+07 9311.01
5678 1.16672e+07 9304.45
5679 1.16631e+07 9297.9
5680 1.1659e+07 9291.36
5681 1.16549e+07 9284.81
5682 1.16508e+07 9278.28
5683 1.16467e+07 9271.75
5684 1.16426e+07 9265.23
5685 1.16385e+07 9258.71
5686 1.16344e+07 9252.2
5687 1.16303e+07 9245.69
5688 1.16262e+07 9239.19
5689 1.16221e+07 9232.7
5690 1.1618e+07 9226.21
5691 1.16139e+07 9219.73
5692 1.16099e+07 9213.25
5693 1.16058e+07 9206.78
5694 1.16017e+07 9200.31
5695 1.15976e+07 9193.85
5696 1.15935e+07 9187.4
5697 1.15895e+07 9180.95
5698 1.15854e+07 9174.5
5699 1.15813e+07 9168.07
5700 1.15773e+07 9161.63
5701 1.15732e+07 9155.21
5702 1.15691e+07 9148.79
5703 1.15651e+07 9142.37
5704 1.1561e+07 9135.96
5705 1.1557e+07 9129.56
5706 1.15529e+07 9123.16
5707 1.15489e+07 9116.77
5708 1.15448e+07 9110.38
5709 1.15408e+07 9104
5710 1.15367e+07 9097.62
5711 1.15327e+07 9091.25
5712 1.15287e+07 9084.89
5713 1.15246e+07 9078.53
5714 1.15206e+07 9072.18
5715 1.15165e+07 9065.83
5716 1.15125e+07 9059.49
5717 1.15085e+07 9053.15
5718 1.15045e+07 9046.82
5719 1.15004e+07 9040.49
5720 1.14964e+07 9034.17
5721 1.14924e+07 9027.86
5722 1.14884e+07 9021.55
5723 1.14844e+07 9015.24
5724 1.14803e+07 9008.94
5725 1.14763e+07 9002.65
5726 1.14723e+07 8996.36
5727 1.14683e+07 8990.08
5728 1.14643e+07 8983.81
5729 1.14603e+07 8977.54
5730 1.14563e+07 8971.27
5731 1.14523e+07 8965.01
5732 1.14483e+07 8958.76
5733 1.14443e+07 8952.51
5734 1.14403e+07 8946.26
5735 1.14363e+07 8940.02
5736 1.14323e+07 8933.79
5737 1.14283e+07 8927.56
5738 1.14244e+07 8921.34
5739 1.14204e+07 8915.13
5740 1.14164e+07 8908.92
5741 1.14124e+07 8902.71
5742 1.14084e+07 8896.51
5743 1.14045e+07 8890.31
5744 1.14005e+07 8884.13
5745 1.13965e+07 8877.94
5746 1.13925e+07 8871.76
5747 1.13886e+07 8865.59
5748 1.13846e+07 8859.42
5749 1.13806e+07 8853.26
5750 1.13767e+07 8847.1
5751 1.13727e+07 8840.95
5752 1.13688e+07 8834.8
5753 1.13648e+07 8828.66
5754 1.13609e+07 8822.53
5755 1.13569e+07 8816.4
5756 1.1353e+07 8810.27
5757 1.1349e+07 8804.15
5758 1.13451e+07 8798.04
5759 1.13411e+07 8791.93
5760 1.13372e+07 8785.82
5761 1.13333e+07 8779.72
5762 1.13293e+07 8773.63
5763 1.13254e+07 8767.54
5764 1.13215e+07 8761.46
5765 1.13175e+07 8755.38
5766 1.13136e+07 8749.31
5767 1.13097e+07 8743.24
5768 1.13058e+07 8737.18
5769 1.13018e+07 8731.13
5770 1.12979e+07 8725.07
5771 1.1294e+07 8719.03
5772 1.12901e+07 8712.99
5773 1.12862e+07 8706.95
5774 1.12823e+07 8700.92
5775 1.12783e+07 8694.9
5776 1.12744e+07 8688.88
5777 1.12705e+07 8682.86
5778 1.12666e+07 8676.85
5779 1.12627e+07 8670.85
5780 1.12588e+07 8664.85
5781 1.12549e+07 8658.86
5782 1.1251e+07 8652.87
5783 1.12471e+07 8646.88
5784 1.12433e+07 8640.91
5785 1.12394e+07 8634.93
5786 1.12355e+07 8628.96
5787 1.12316e+07 8623
5788 1.12277e+07 8617.04
5789 1.12238e+07 8611.09
5790 1.12199e+07 8605.14
5791 1.12161e+07 8599.2
5792 1.12122e+07 8593.26
5793 1.12083e+07 8587.33
5794 1.12045e+07 8581.41
5795 1.12006e+07 8575.48
5796 1.11967e+07 8569.57
5797 1.11929e+07 8563.66
5798 1.1189e+07 8557.75
5799 1.11851e+07 8551.85
5800 1.11813e+07 8545.95
5801 1.11774e+07 8540.06
5802 1.11736e+07 8534.17
5803 1.11697e+07 8528.29
5804 1.11659e+07 8522.42
5805 1.1162e+07 8516.55
5806 1.11582e+07 8510.68
5807 1.11543e+07 8504.82
5808 1.11505e+07 8498.96
5809 1.11466e+07 8493.11
5810 1.11428e+07 8487.27
5811 1.1139e+07 8481.43
5812 1.11351e+07 8475.59
5813 1.11313e+07 8469.76
5814 1.11275e+07 8463.93
5815 1.11236e+07 8458.11
5816 1.11198e+07 8452.3
5817 1.1116e+07 8446.49
5818 1.11122e+07 8440.68
5819 1.11083e+07 8434.88
5820 1.11045e+07 8429.09
5821 1.11007e+07 8423.29
5822 1.10969e+07 8417.51
5823 1.10931e+07 8411.73
5824 1.10893e+07 8405.95
5825 1.10854e+07 8400.18
5826 1.10816e+07 8394.42
5827 1.10778e+07 8388.65
5828 1.1074e+07 8382.9
5829 1.10702e+07 8377.15
5830 1.10664e+07 8371.4
5831 1.10626e+07 8365.66
5832 1.10588e+07 8359.92
5833 1.1055e+07 8354.19
5834 1.10512e+07 8348.47
5835 1.10475e+07 8342.74
5836 1.10437e+07 8337.03
5837 1.10399e+07 8331.32
5838 1.10361e+07 8325.61
5839 1.10323e+07 8319.91
5840 1.10285e+07 8314.21
5841 1.10248e+07 8308.52
5842 1.1021e+07 8302.83
5843 1.10172e+07 8297.15
5844 1.10134e+07 8291.47
5845 1.10097e+07 8285.8
5846 1.10059e+07 8280.13
5847 1.10021e+07 8274.47
5848 1.09984e+07 8268.81
5849 1.09946e+07 8263.16
5850 1.09908e+07 8257.51
5851 1.09871e+07 8251.86
5852 1.09833e+07 8246.22
5853 1.09796e+07 8240.59
5854 1.09758e+07 8234.96
5855 1.09721e+07 8229.34
5856 1.09683e+07 8223.72
5857 1.09646e+07 8218.1
5858 1.09608e+07 8212.49
5859 1.09571e+07 8206.89
5860 1.09533e+07 8201.29
5861 1.09496e+07 8195.69
5862 1.09459e+07 8190.1
5863 1.09421e+07 8184.51
5864 1.09384e+07 8178.93
5865 1.09347e+07 8173.35
5866 1.09309e+07 8167.78
5867 1.09272e+07 8162.22
5868 1.09235e+07 8156.65
5869 1.09198e+07 8151.1
5870 1.0916e+07 8145.54
5871 1.09123e+07 8139.99
5872 1.09086e+07 8134.45
5873 1.09049e+07 8128.91
5874 1.09012e+07 8123.38
5875 1.08975e+07 8117.85
5876 1.08937e+07 8112.32
5877 1.089e+07 8106.8
5878 1.08863e+07 8101.29
5879 1.08826e+07 8095.78
5880 1.08789e+07 8090.27
5881 1.08752e+07 8084.77
5882 1.08715e+07 8079.27
5883 1.08678e+07 8073.78
5884 1.08641e+07 8068.29
5885 1.08604e+07 8062.81
5886 1.08567e+07 8057.33
5887 1.0853e+07 8051.86
5888 1.08494e+07 8046.39
5889 1.08457e+07 8040.93
5890 1.0842e+07 8035.47
5891 1.08383e+07 8030.01
5892 1.08346e+07 8024.56
5893 1.08309e+07 8019.12
5894 1.08273e+07 8013.68
5895 1.08236e+07 8008.24
5896 1.08199e+07 8002.81
5897 1.08163e+07 7997.38
5898 1.08126e+07 7991.96
5899 1.08089e+07 7986.54
5900 1.08052e+07 7981.13
5901 1.08016e+07 7975.72
5902 1.07979e+07 7970.32
5903 1.07943e+07 7964.92
5904 1.07906e+07 7959.52
5905 1.07869e+07 7954.13
5906 1.07833e+07 7948.75
5907 1.07796e+07 7943.37
5908 1.0776e+07 7937.99
5909 1.07723e+07 7932.62
5910 1.07687e+07 7927.25
5911 1.0765e+07 7921.89
5912 1.07614e+07 7916.53
5913 1.07578e+07 7911.17
5914 1.07541e+07 7905.82
5915 1.07505e+07 7900.48
5916 1.07468e+07 7895.14
5917 1.07432e+07 7889.8
5918 1.07396e+07 7884.47
5919 1.0736e+07 7879.14
5920 1.07323e+07 7873.82
5921 1.07287e+07 7868.5
5922 1.07251e+07 7863.19
5923 1.07214e+07 7857.88
5924 1.07178e+07 7852.58
5925 1.07142e+07 7847.28
5926 1.07106e+07 7841.98
5927 1.0707e+07 7836.69
5928 1.07034e+07 7831.4
5929 1.06997e+07 7826.12
5930 1.06961e+07 7820.84
5931 1.06925e+07 7815.57
5932 1.06889e+07 7810.3
5933 1.06853e+07 7805.04
5934 1.06817e+07 7799.78
5935 1.06781e+07 7794.52
5936 1.06745e+07 7789.27
5937 1.06709e+07 7784.02
5938 1.06673e+07 7778.78
5939 1.06637e+07 7773.54
5940 1.06601e+07 7768.31
5941 1.06565e+07 7763.08
5942 1.0653e+07 7757.86
5943 1.06494e+07 7752.64
5944 1.06458e+07 7747.42
5945 1.06422e+07 7742.21
5946 1.06386e+07 7737
5947 1.0635e+07 7731.8
5948 1.06315e+07 7726.6
5949 1.06279e+07 7721.41
5950 1.06243e+07 7716.22
5951 1.06207e+07 7711.03
5952 1.06172e+07 7705.85
5953 1.06136e+07 7700.68
5954 1.061e+07 7695.5
5955 1.06065e+07 7690.34
5956 1.06029e+07 7685.17
5957 1.05993e+07 7680.01
5958 1.05958e+07 7674.86
5959 1.05922e+07 7669.71
5960 1.05887e+07 7664.56
5961 1.05851e+07 7659.42
5962 1.05816e+07 7654.28
5963 1.0578e+07 7649.15
5964 1.05745e+07 7644.02
5965 1.05709e+07 7638.9
5966 1.05674e+07 7633.78
5967 1.05638e+07 7628.66
5968 1.05603e+07 7623.55
5969 1.05567e+07 7618.44
5970 1.05532e+07 7613.34
5971 1.05497e+07 7608.24
5972 1.05461e+07 7603.14
5973 1.05426e+07 7598.05
5974 1.05391e+07 7592.97
5975 1.05355e+07 7587.89
5976 1.0532e+07 7582.81
5977 1.05285e+07 7577.73
5978 1.0525e+07 7572.67
5979 1.05214e+07 7567.6
5980 1.05179e+07 7562.54
5981 1.05144e+07 7557.48
5982 1.05109e+07 7552.43
5983 1.05074e+07 7547.38
5984 1.05039e+07 7542.34
5985 1.05003e+07 7537.3
5986 1.04968e+07 7532.26
5987 1.04933e+07 7527.23
5988 1.04898e+07 7522.21
5989 1.04863e+07 7517.18
5990 1.04828e+07 7512.16
5991 1.04793e+07 7507.15
5992 1.04758e+07 7502.14
5993 1.04723e+07 7497.13
5994 1.04688e+07 7492.13
5995 1.04653e+07 7487.13
5996 1.04618e+07 7482.14
5997 1.04583e+07 7477.15
5998 1.04549e+07 7472.17
5999 1.04514e+07 7467.19
6000 1.04479e+07 7462.21
6001 1.04444e+07 7457.24
6002 1.04409e+07 7452.27
6003 1.04374e+07 7447.3
6004 1.0434e+07 7442.34
6005 1.04305e+07 7437.39
6006 1.0427e+07 7432.43
6007 1.04235e+07 7427.49
6008 1.04201e+07 7422.54
6009 1.04166e+07 7417.6
6010 1.04131e+07 7412.67
6011 1.04097e+07 7407.74
6012 1.04062e+07 7402.81
6013 1.04027e+07 7397.89
6014 1.03993e+07 7392.97
6015 1.03958e+07 7388.05
6016 1.03924e+07 7383.14
6017 1.03889e+07 7378.23
6018 1.03854e+07 7373.33
6019 1.0382e+07 7368.43
6020 1.03785e+07 7363.54
6021 1.03751e+07 7358.65
6022 1.03716e+07 7353.76
6023 1.03682e+07 7348.88
6024 1.03648e+07 7344
6025 1.03613e+07 7339.12
6026 1.03579e+07 7334.25
6027 1.03544e+07 7329.39
6028 1.0351e+07 7324.52
6029 1.03476e+07 7319.67
6030 1.03441e+07 7314.81
6031 1.03407e+07 7309.96
6032 1.03373e+07 7305.12
6033 1.03338e+07 7300.27
6034 1.03304e+07 7295.43
6035 1.0327e+07 7290.6
6036 1.03236e+07 7285.77
6037 1.03201e+07 7280.94
6038 1.03167e+07 7276.12
6039 1.03133e+07 7271.3
6040 1.03099e+07 7266.49
6041 1.03065e+07 7261.68
6042 1.03031e+07 7256.87
6043 1.02996e+07 7252.07
6044 1.02962e+07 7247.27
6045 1.02928e+07 7242.48
6046 1.02894e+07 7237.69
6047 1.0286e+07 7232.9
6048 1.02826e+07 7228.12
6049 1.02792e+07 7223.34
6050 1.02758e+07 7218.57
6051 1.02724e+07 7213.79
6052 1.0269e+07 7209.03
6053 1.02656e+07 7204.27
6054 1.02622e+07 7199.51
6055 1.02588e+07 7194.75
6056 1.02554e+07 7190
6057 1.02521e+07 7185.25
6058 1.02487e+07 7180.51
6059 1.02453e+07 7175.77
6060 1.02419e+07 7171.04
6061 1.02385e+07 7166.3
6062 1.02351e+07 7161.58
6063 1.02318e+07 7156.85
6064 1.02284e+07 7152.13
6065 1.0225e+07 7147.42
6066 1.02216e+07 7142.71
6067 1.02183e+07 7138
6068 1.02149e+07 7133.29
6069 1.02115e+07 7128.59
6070 1.02082e+07 7123.9
6071 1.02048e+07 7119.2
6072 1.02014e+07 7114.52
6073 1.01981e+07 7109.83
6074 1.01947e+07 7105.15
6075 1.01914e+07 7100.47
6076 1.0188e+07 7095.8
6077 1.01847e+07 7091.13
6078 1.01813e+07 7086.46
6079 1.0178e+07 7081.8
6080 1.01746e+07 7077.14
6081 1.01713e+07 7072.49
6082 1.01679e+07 7067.84
6083 1.01646e+07 7063.19
6084 1.01612e+07 7058.55
6085 1.01579e+07 7053.91
6086 1.01545e+07 7049.28
6087 1.01512e+07 7044.65
6088 1.01479e+07 7040.02
6089 1.01445e+07 7035.4
6090 1.01412e+07 7030.78
6091 1.01379e+07 7026.16
6092 1.01345e+07 7021.55
6093 1.01312e+07 7016.94
6094 1.01279e+07 7012.33
6095 1.01246e+07 7007.73
6096 1.01212e+07 7003.14
6097 1.01179e+07 6998.54
6098 1.01146e+07 6993.95
6099 1.01113e+07 6989.37
6100 1.0108e+07 6984.79
6101 1.01046e+07 6980.21
6102 1.01013e+07 6975.63
6103 1.0098e+07 6971.06
6104 1.00947e+07 6966.49
6105 1.00914e+07 6961.93
6106 1.00881e+07 6957.37
6107 1.00848e+07 6952.82
6108 1.00815e+07 6948.26
6109 1.00782e+07 6943.72
6110 1.00749e+07 6939.17
6111 1.00716e+07 6934.63
6112 1.00683e+07 6930.09
6113 1.0065e+07 6925.56
6114 1.00617e+07 6921.03
6115 1.00584e+07 6916.5
6116 1.00551e+07 6911.98
6117 1.00518e+07 6907.46
6118 1.00485e+07 6902.95
6119 1.00453e+07 6898.44
6120 1.0042e+07 6893.93
6121 1.00387e+07 6889.42
6122 1.00354e+07 6884.92
6123 1.00321e+07 6880.43
6124 1.00288e+07 6875.93
6125 1.00256e+07 6871.44
6126 1.00223e+07 6866.96
6127 1.0019e+07 6862.48
6128 1.00158e+07 6858
6129 1.00125e+07 6853.52
6130 1.00092e+07 6849.05
6131 1.00059e+07 6844.59
6132 1.00027e+07 6840.12
6133 9.99942e+06 6835.66
6134 9.99616e+06 6831.2
6135 9.9929e+06 6826.75
6136 9.98964e+06 6822.3
6137 9.98638e+06 6817.86
6138 9.98313e+06 6813.42
6139 9.97987e+06 6808.98
6140 9.97662e+06 6804.54
6141 9.97337e+06 6800.11
6142 9.97012e+06 6795.68
6143 9.96687e+06 6791.26
6144 9.96363e+06 6786.84
6145 9.96038e+06 6782.42
6146 9.95714e+06 6778.01
6147 9.9539e+06 6773.6
6148 9.95066e+06 6769.19
6149 9.94742e+06 6764.79
6150 9.94419e+06 6760.39
6151 9.94095e+06 6756
6152 9.93772e+06 6751.61
6153 9.93449e+06 6747.22
6154 9.93126e+06 6742.83
6155 9.92803e+06 6738.45
6156 9.9248e+06 6734.08
6157 9.92158e+06 6729.7
6158 9.91835e+06 6725.33
6159 9.91513e+06 6720.96
6160 9.91191e+06 6716.6
6161 9.90869e+06 6712.24
6162 9.90547e+06 6707.89
6163 9.90226e+06 6703.53
6164 9.89904e+06 6699.18
6165 9.89583e+06 6694.84
6166 9.89262e+06 6690.5
6167 9.88941e+06 6686.16
6168 9.8862e+06 6681.82
6169 9.88299e+06 6677.49
6170 9.87979e+06 6673.16
6171 9.87659e+06 6668.84
6172 9.87338e+06 6664.52
6173 9.87018e+06 6660.2
6174 9.86698e+06 6655.89
6175 9.86379e+06 6651.58
6176 9.86059e+06 6647.27
6177 9.8574e+06 6642.97
6178 9.85421e+06 6638.67
6179 9.85101e+06 6634.37
6180 9.84783e+06 6630.08
6181 9.84464e+06 6625.79
6182 9.84145e+06 6621.5
6183 9.83827e+06 6617.22
6184 9.83508e+06 6612.94
6185 9.8319e+06 6608.66
6186 9.82872e+06 6604.39
6187 9.82554e+06 6600.12
6188 9.82237e+06 6595.86
6189 9.81919e+06 6591.59
6190 9.81602e+06 6587.34
6191 9.81284e+06 6583.08
6192 9.80967e+06 6578.83
6193 9.8065e+06 6574.58
6194 9.80334e+06 6570.34
6195 9.80017e+06 6566.09
6196 9.79701e+06 6561.86
6197 9.79384e+06 6557.62
6198 9.79068e+06 6553.39
6199 9.78752e+06 6549.16
6200 9.78436e+06 6544.94
6201 9.7812e+06 6540.72
6202 9.77805e+06 6536.5
6203 9.77489e+06 6532.29
6204 9.77174e+06 6528.08
6205 9.76859e+06 6523.87
6206 9.76544e+06 6519.67
6207 9.76229e+06 6515.47
6208 9.75915e+06 6511.27
6209 9.756e+06 6507.07
6210 9.75286e+06 6502.88
6211 9.74972e+06 6498.7
6212 9.74658e+06 6494.51
6213 9.74344e+06 6490.33
6214 9.7403e+06 6486.16
6215 9.73717e+06 6481.98
6216 9.73403e+06 6477.81
6217 9.7309e+06 6473.65
6218 9.72777e+06 6469.48
6219 9.72464e+06 6465.32
6220 9.72151e+06 6461.17
6221 9.71838e+06 6457.01
6222 9.71526e+06 6452.86
6223 9.71213e+06 6448.72
6224 9.70901e+06 6444.57
6225 9.70589e+06 6440.43
6226 9.70277e+06 6436.29
6227 9.69965e+06 6432.16
6228 9.69654e+06 6428.03
6229 9.69342e+06 6423.9
6230 9.69031e+06 6419.78
6231 9.6872e+06 6415.66
6232 9.68409e+06 6411.54
6233 9.68098e+06 6407.43
6234 9.67787e+06 6403.32
6235 9.67477e+06 6399.21
6236 9.67166e+06 6395.11
6237 9.66856e+06 6391.01
6238 9.66546e+06 6386.91
6239 9.66236e+06 6382.82
6240 9.65926e+06 6378.73
6241 9.65616e+06 6374.64
6242 9.65307e+06 6370.56
6243 9.64997e+06 6366.48
6244 9.64688e+06 6362.4
6245 9.64379e+06 6358.32
6246 9.6407e+06 6354.25
6247 9.63761e+06 6350.19
6248 9.63453e+06 6346.12
6249 9.63144e+06 6342.06
6250 9.62836e+06 6338
6251 9.62528e+06 6333.95
6252 9.6222e+06 6329.9
6253 9.61912e+06 6325.85
6254 9.61604e+06 6321.8
6255 9.61297e+06 6317.76
6256 9.60989e+06 6313.72
6257 9.60682e+06 6309.69
6258 9.60375e+06 6305.65
6259 9.60068e+06 6301.63
6260 9.59761e+06 6297.6
6261 9.59454e+06 6293.58
6262 9.59148e+06 6289.56
6263 9.58841e+06 6285.54
6264 9.58535e+06 6281.53
6265 9.58229e+06 6277.52
6266 9.57923e+06 6273.51
6267 9.57617e+06 6269.51
6268 9.57311e+06 6265.51
6269 9.57006e+06 6261.51
6270 9.567e+06 6257.52
6271 9.56395e+06 6253.53
6272 9.5609e+06 6249.54
6273 9.55785e+06 6245.56
6274 9.5548e+06 6241.58
6275 9.55176e+06 6237.6
6276 9.54871e+06 6233.62
6277 9.54567e+06 6229.65
6278 9.54262e+06 6225.69
6279 9.53958e+06 6221.72
6280 9.53654e+06 6217.76
6281 9.53351e+06 6213.8
6282 9.53047e+06 6209.84
6283 9.52743e+06 6205.89
6284 9.5244e+06 6201.94
6285 9.52137e+06 6198
6286 9.51834e+06 6194.05
6287 9.51531e+06 6190.11
6288 9.51228e+06 6186.18
6289 9.50926e+06 6182.24
6290 9.50623e+06 6178.31
6291 9.50321e+06 6174.38
6292 9.50019e+06 6170.46
6293 9.49716e+06 6166.54
6294 9.49415e+06 6162.62
6295 9.49113e+06 6158.71
6296 9.48811e+06 6154.79
6297 9.4851e+06 6150.89
6298 9.48208e+06 6146.98
6299 9.47907e+06 6143.08
6300 9.47606e+06 6139.18
6301 9.47305e+06 6135.28
6302 9.47004e+06 6131.39
6303 9.46704e+06 6127.5
6304 9.46403e+06 6123.61
6305 9.46103e+06 6119.73
6306 9.45803e+06 6115.85
6307 9.45503e+06 6111.97
6308 9.45203e+06 6108.09
6309 9.44903e+06 6104.22
6310 9.44604e+06 6100.35
6311 9.44304e+06 6096.49
6312 9.44005e+06 6092.62
6313 9.43706e+06 6088.77
6314 9.43407e+06 6084.91
6315 9.43108e+06 6081.06
6316 9.42809e+06 6077.21
6317 9.4251e+06 6073.36
6318 9.42212e+06 6069.51
6319 9.41913e+06 6065.67
6320 9.41615e+06 6061.83
6321 9.41317e+06 6058
6322 9.41019e+06 6054.17
6323 9.40721e+06 6050.34
6324 9.40424e+06 6046.51
6325 9.40126e+06 6042.69
6326 9.39829e+06 6038.87
6327 9.39532e+06 6035.05
6328 9.39235e+06 6031.24
6329 9.38938e+06 6027.43
6330 9.38641e+06 6023.62
6331 9.38344e+06 6019.82
6332 9.38048e+06 6016.01
6333 9.37752e+06 6012.21
6334 9.37455e+06 6008.42
6335 9.37159e+06 6004.63
6336 9.36863e+06 6000.84
6337 9.36567e+06 5997.05
6338 9.36272e+06 5993.26
6339 9.35976e+06 5989.48
6340 9.35681e+06 5985.71
6341 9.35386e+06 5981.93
6342 9.35091e+06 5978.16
6343 9.34796e+06 5974.39
6344 9.34501e+06 5970.62
6345 9.34206e+06 5966.86
6346 9.33912e+06 5963.1
6347 9.33617e+06 5959.34
6348 9.33323e+06 5955.59
6349 9.33029e+06 5951.84
6350 9.32735e+06 5948.09
6351 9.32441e+06 5944.34
6352 9.32147e+06 5940.6
6353 9.31854e+06 5936.86
6354 9.3156e+06 5933.13
6355 9.31267e+06 5929.39
6356 9.30974e+06 5925.66
6357 9.30681e+06 5921.93
6358 9.30388e+06 5918.21
6359 9.30095e+06 5914.49
6360 9.29803e+06 5910.77
6361 9.2951e+06 5907.05
6362 9.29218e+06 5903.34
6363 9.28926e+06 5899.63
6364 9.28634e+06 5895.92
6365 9.28342e+06 5892.22
6366 9.2805e+06 5888.52
6367 9.27758e+06 5884.82
6368 9.27467e+06 5881.12
6369 9.27175e+06 5877.43
6370 9.26884e+06 5873.74
6371 9.26593e+06 5870.05
6372 9.26302e+06 5866.37
6373 9.26011e+06 5862.69
6374 9.25721e+06 5859.01
6375 9.2543e+06 5855.33
6376 9.2514e+06 5851.66
6377 9.24849e+06 5847.99
6378 9.24559e+06 5844.32
6379 9.24269e+06 5840.66
6380 9.23979e+06 5837
6381 9.2369e+06 5833.34
6382 9.234e+06 5829.69
6383 9.23111e+06 5826.03
6384 9.22821e+06 5822.38
6385 9.22532e+06 5818.74
6386 9.22243e+06 5815.09
6387 9.21954e+06 5811.45
6388 9.21666e+06 5807.81
6389 9.21377e+06 5804.18
6390 9.21088e+06 5800.55
6391 9.208e+06 5796.92
6392 9.20512e+06 5793.29
6393 9.20224e+06 5789.67
6394 9.19936e+06 5786.05
6395 9.19648e+06 5782.43
6396 9.1936e+06 5778.81
6397 9.19073e+06 5775.2
6398 9.18785e+06 5771.59
6399 9.18498e+06 5767.98
6400 9.18211e+06 5764.38
6401 9.17924e+06 5760.78
6402 9.17637e+06 5757.18
6403 9.1735e+06 5753.58
6404 9.17064e+06 5749.99
6405 9.16777e+06 5746.4
6406 9.16491e+06 5742.81
6407 9.16205e+06 5739.23
6408 9.15919e+06 5735.65
6409 9.15633e+06 5732.07
6410 9.15347e+06 5728.49
6411 9.15061e+06 5724.92
6412 9.14776e+06 5721.35
6413 9.1449e+06 5717.78
6414 9.14205e+06 5714.22
6415 9.1392e+06 5710.65
6416 9.13635e+06 5707.09
6417 9.1335e+06 5703.54
6418 9.13065e+06 5699.98
6419 9.12781e+06 5696.43
6420 9.12496e+06 5692.88
6421 9.12212e+06 5689.34
6422 9.11928e+06 5685.8
6423 9.11644e+06 5682.25
6424 9.1136e+06 5678.72
6425 9.11076e+06 5675.18
6426 9.10792e+06 5671.65
6427 9.10509e+06 5668.12
6428 9.10225e+06 5664.6
6429 9.09942e+06 5661.07
6430 9.09659e+06 5657.55
6431 9.09376e+06 5654.03
6432 9.09093e+06 5650.52
6433 9.0881e+06 5647.01
6434 9.08528e+06 5643.5
6435 9.08245e+06 5639.99
6436 9.07963e+06 5636.48
6437 9.0768e+06 5632.98
6438 9.07398e+06 5629.48
6439 9.07116e+06 5625.99
6440 9.06835e+06 5622.49
6441 9.06553e+06 5619
6442 9.06271e+06 5615.51
6443 9.0599e+06 5612.03
6444 9.05709e+06 5608.55
6445 9.05427e+06 5605.07
6446 9.05146e+06 5601.59
6447 9.04866e+06 5598.11
6448 9.04585e+06 5594.64
6449 9.04304e+06 5591.17
6450 9.04024e+06 5587.71
6451 9.03743e+06 5584.24
6452 9.03463e+06 5580.78
6453 9.03183e+06 5577.32
6454 9.02903e+06 5573.87
6455 9.02623e+06 5570.41
6456 9.02343e+06 5566.96
6457 9.02064e+06 5563.51
6458 9.01784e+06 5560.07
6459 9.01505e+06 5556.63
6460 9.01226e+06 5553.19
6461 9.00947e+06 5549.75
6462 9.00668e+06 5546.32
6463 9.00389e+06 5542.88
6464 9.0011e+06 5539.45
6465 8.99832e+06 5536.03
6466 8.99553e+06 5532.6
6467 8.99275e+06 5529.18
6468 8.98997e+06 5525.76
6469 8.98719e+06 5522.35
6470 8.98441e+06 5518.94
6471 8.98163e+06 5515.52
6472 8.97885e+06 5512.12
6473 8.97608e+06 5508.71
6474 8.9733e+06 5505.31
6475 8.97053e+06 5501.91
6476 8.96776e+06 5498.51
6477 8.96499e+06 5495.12
6478 8.96222e+06 5491.72
6479 8.95945e+06 5488.33
6480 8.95669e+06 5484.95
6481 8.95392e+06 5481.56
6482 8.95116e+06 5478.18
6483 8.94839e+06 5474.8
6484 8.94563e+06 5471.42
6485 8.94287e+06 5468.05
6486 8.94011e+06 5464.68
6487 8.93736e+06 5461.31
6488 8.9346e+06 5457.94
6489 8.93185e+06 5454.58
6490 8.92909e+06 5451.22
6491 8.92634e+06 5447.86
6492 8.92359e+06 5444.5
6493 8.92084e+06 5441.15
6494 8.91809e+06 5437.8
6495 8.91534e+06 5434.45
6496 8.9126e+06 5431.11
6497 8.90985e+06 5427.76
6498 8.90711e+06 5424.42
6499 8.90437e+06 5421.09
6500 8.90163e+06 5417.75
6501 8.89889e+06 5414.42
6502 8.89615e+06 5411.09
6503 8.89341e+06 5407.76
6504 8.89068e+06 5404.43
6505 8.88794e+06 5401.11
6506 8.88521e+06 5397.79
6507 8.88248e+06 5394.47
6508 8.87975e+06 5391.16
6509 8.87702e+06 5387.85
6510 8.87429e+06 5384.54
6511 8.87156e+06 5381.23
6512 8.86884e+06 5377.93
6513 8.86611e+06 5374.62
6514 8.86339e+06 5371.32
6515 8.86067e+06 5368.03
6516 8.85794e+06 5364.73
6517 8.85523e+06 5361.44
6518 8.85251e+06 5358.15
6519 8.84979e+06 5354.86
6520 8.84707e+06 5351.58
6521 8.84436e+06 5348.3
6522 8.84165e+06 5345.02
6523 8.83893e+06 5341.74
6524 8.83622e+06 5338.47
6525 8.83351e+06 5335.2
6526 8.83081e+06 5331.93
6527 8.8281e+06 5328.66
6528 8.82539e+06 5325.39
6529 8.82269e+06 5322.13
6530 8.81999e+06 5318.87
6531 8.81728e+06 5315.62
6532 8.81458e+06 5312.36
6533 8.81188e+06 5309.11
6534 8.80919e+06 5305.86
6535 8.80649e+06 5302.61
6536 8.80379e+06 5299.37
6537 8.8011e+06 5296.13
6538 8.79841e+06 5292.89
6539 8.79571e+06 5289.65
6540 8.79302e+06 5286.42
6541 8.79033e+06 5283.18
6542 8.78764e+06 5279.96
6543 8.78496e+06 5276.73
6544 8.78227e+06 5273.5
6545 8.77959e+06 5270.28
6546 8.7769e+06 5267.06
6547 8.77422e+06 5263.84
6548 8.77154e+06 5260.63
6549 8.76886e+06 5257.42
6550 8.76618e+06 5254.21
6551 8.7635e+06 5251
6552 8.76083e+06 5247.79
6553 8.75815e+06 5244.59
6554 8.75548e+06 5241.39
6555 8.75281e+06 5238.19
6556 8.75014e+06 5235
6557 8.74747e+06 5231.81
6558 8.7448e+06 5228.62
6559 8.74213e+06 5225.43
6560 8.73946e+06 5222.24
6561 8.7368e+06 5219.06
6562 8.73413e+06 5215.88
6563 8.73147e+06 5212.7
6564 8.72881e+06 5209.52
6565 8.72615e+06 5206.35
6566 8.72349e+06 5203.18
6567 8.72083e+06 5200.01
6568 8.71818e+06 5196.85
6569 8.71552e+06 5193.68
6570 8.71287e+06 5190.52
6571 8.71022e+06 5187.36
6572 8.70756e+06 5184.21
6573 8.70491e+06 5181.05
6574 8.70226e+06 5177.9
6575 8.69962e+06 5174.75
6576 8.69697e+06 5171.6
6577 8.69432e+06 5168.46
6578 8.69168e+06 5165.32
6579 8.68904e+06 5162.18
6580 8.68639e+06 5159.04
6581 8.68375e+06 5155.9
6582 8.68111e+06 5152.77
6583 8.67847e+06 5149.64
6584 8.67584e+06 5146.51
6585 8.6732e+06 5143.39
6586 8.67057e+06 5140.26
6587 8.66793e+06 5137.14
6588 8.6653e+06 5134.03
6589 8.66267e+06 5130.91
6590 8.66004e+06 5127.8
6591 8.65741e+06 5124.68
6592 8.65478e+06 5121.58
6593 8.65216e+06 5118.47
6594 8.64953e+06 5115.37
6595 8.64691e+06 5112.26
6596 8.64428e+06 5109.16
6597 8.64166e+06 5106.07
6598 8.63904e+06 5102.97
6599 8.63642e+06 5099.88
6600 8.6338e+06 5096.79
6601 8.63119e+06 5093.7
6602 8.62857e+06 5090.62
6603 8.62596e+06 5087.53
6604 8.62334e+06 5084.45
6605 8.62073e+06 5081.37
6606 8.61812e+06 5078.3
6607 8.61551e+06 5075.22
6608 8.6129e+06 5072.15
6609 8.6103e+06 5069.08
6610 8.60769e+06 5066.02
6611 8.60508e+06 5062.95
6612 8.60248e+06 5059.89
6613 8.59988e+06 5056.83
6614 8.59728e+06 5053.77
6615 8.59468e+06 5050.72
6616 8.59208e+06 5047.66
6617 8.58948e+06 5044.61
6618 8.58688e+06 5041.56
6619 8.58429e+06 5038.52
6620 8.58169e+06 5035.48
6621 8.5791e+06 5032.43
6622 8.57651e+06 5029.39
6623 8.57392e+06 5026.36
6624 8.57133e+06 5023.32
6625 8.56874e+06 5020.29
6626 8.56615e+06 5017.26
6627 8.56356e+06 5014.23
6628 8.56098e+06 5011.21
6629 8.5584e+06 5008.18
6630 8.55581e+06 5005.16
6631 8.55323e+06 5002.15
6632 8.55065e+06 4999.13
6633 8.54807e+06 4996.11
6634 8.54549e+06 4993.1
6635 8.54292e+06 4990.09
6636 8.54034e+06 4987.09
6637 8.53777e+06 4984.08
6638 8.53519e+06 4981.08
6639 8.53262e+06 4978.08
6640 8.53005e+06 4975.08
6641 8.52748e+06 4972.08
6642 8.52491e+06 4969.09
6643 8.52234e+06 4966.1
6644 8.51978e+06 4963.11
6645 8.51721e+06 4960.12
6646 8.51465e+06 4957.14
6647 8.51209e+06 4954.16
6648 8.50952e+06 4951.18
6649 8.50696e+06 4948.2
6650 8.5044e+06 4945.22
6651 8.50185e+06 4942.25
6652 8.49929e+06 4939.28
6653 8.49673e+06 4936.31
6654 8.49418e+06 4933.34
6655 8.49162e+06 4930.38
6656 8.48907e+06 4927.42
6657 8.48652e+06 4924.46
6658 8.48397e+06 4921.5
6659 8.48142e+06 4918.54
6660 8.47887e+06 4915.59
6661 8.47633e+06 4912.64
6662 8.47378e+06 4909.69
6663 8.47124e+06 4906.74
6664 8.46869e+06 4903.8
6665 8.46615e+06 4900.85
6666 8.46361e+06 4897.91
6667 8.46107e+06 4894.98
6668 8.45853e+06 4892.04
6669 8.45599e+06 4889.11
6670 8.45346e+06 4886.18
6671 8.45092e+06 4883.25
6672 8.44839e+06 4880.32
6673 8.44586e+06 4877.39
6674 8.44332e+06 4874.47
6675 8.44079e+06 4871.55
6676 8.43826e+06 4868.63
6677 8.43573e+06 4865.72
6678 8.43321e+06 4862.8
6679 8.43068e+06 4859.89
6680 8.42816e+06 4856.98
6681 8.42563e+06 4854.08
6682 8.42311e+06 4851.17
6683 8.42059e+06 4848.27
6684 8.41807e+06 4845.37
6685 8.41555e+06 4842.47
6686 8.41303e+06 4839.57
6687 8.41051e+06 4836.68
6688 8.408e+06 4833.79
6689 8.40548e+06 4830.9
6690 8.40297e+06 4828.01
6691 8.40046e+06 4825.12
6692 8.39794e+06 4822.24
6693 8.39543e+06 4819.36
6694 8.39292e+06 4816.48
6695 8.39042e+06 4813.6
6696 8.38791e+06 4810.73
6697 8.3854e+06 4807.85
6698 8.3829e+06 4804.98
6699 8.38039e+06 4802.11
6700 8.37789e+06 4799.25
6701 8.37539e+06 4796.38
6702 8.37289e+06 4793.52
6703 8.37039e+06 4790.66
6704 8.36789e+06 4787.8
6705 8.3654e+06 4784.95
6706 8.3629e+06 4782.1
6707 8.36041e+06 4779.24
6708 8.35791e+06 4776.39
6709 8.35542e+06 4773.55
6710 8.35293e+06 4770.7
6711 8.35044e+06 4767.86
6712 8.34795e+06 4765.02
6713 8.34546e+06 4762.18
6714 8.34297e+06 4759.34
6715 8.34049e+06 4756.51
6716 8.338e+06 4753.68
6717 8.33552e+06 4750.85
6718 8.33304e+06 4748.02
6719 8.33056e+06 4745.19
6720 8.32808e+06 4742.37
6721 8.3256e+06 4739.55
6722 8.32312e+06 4736.73
6723 8.32064e+06 4733.91
6724 8.31817e+06 4731.09
6725 8.31569e+06 4728.28
6726 8.31322e+06 4725.47
6727 8.31075e+06 4722.66
6728 8.30827e+06 4719.85
6729 8.3058e+06 4717.05
6730 8.30334e+06 4714.24
6731 8.30087e+06 4711.44
6732 8.2984e+06 4708.65
6733 8.29593e+06 4705.85
6734 8.29347e+06 4703.05
6735 8.29101e+06 4700.26
6736 8.28854e+06 4697.47
6737 8.28608e+06 4694.68
6738 8.28362e+06 4691.9
6739 8.28116e+06 4689.11
6740 8.2787e+06 4686.33
6741 8.27625e+06 4683.55
6742 8.27379e+06 4680.77
6743 8.27134e+06 4678
6744 8.26888e+06 4675.22
6745 8.26643e+06 4672.45
6746 8.26398e+06 4669.68
6747 8.26153e+06 4666.91
6748 8.25908e+06 4664.15
6749 8.25663e+06 4661.38
6750 8.25418e+06 4658.62
6751 8.25174e+06 4655.86
6752 8.24929e+06 4653.1
6753 8.24685e+06 4650.35
6754 8.2444e+06 4647.59
6755 8.24196e+06 4644.84
6756 8.23952e+06 4642.09
6757 8.23708e+06 4639.35
6758 8.23464e+06 4636.6
6759 8.23221e+06 4633.86
6760 8.22977e+06 4631.12
6761 8.22733e+06 4628.38
6762 8.2249e+06 4625.64
6763 8.22247e+06 4622.9
6764 8.22003e+06 4620.17
6765 8.2176e+06 4617.44
6766 8.21517e+06 4614.71
6767 8.21274e+06 4611.98
6768 8.21032e+06 4609.26
6769 8.20789e+06 4606.53
6770 8.20546e+06 4603.81
6771 8.20304e+06 4601.09
6772 8.20062e+06 4598.38
6773 8.19819e+06 4595.66
6774 8.19577e+06 4592.95
6775 8.19335e+06 4590.24
6776 8.19093e+06 4587.53
6777 8.18852e+06 4584.82
6778 8.1861e+06 4582.12
6779 8.18368e+06 4579.41
6780 8.18127e+06 4576.71
6781 8.17885e+06 4574.01
6782 8.17644e+06 4571.32
6783 8.17403e+06 4568.62
6784 8.17162e+06 4565.93
6785 8.16921e+06 4563.24
6786 8.1668e+06 4560.55
6787 8.16439e+06 4557.86
6788 8.16199e+06 4555.18
6789 8.15958e+06 4552.49
6790 8.15718e+06 4549.81
6791 8.15477e+06 4547.13
6792 8.15237e+06 4544.45
6793 8.14997e+06 4541.78
6794 8.14757e+06 4539.11
6795 8.14517e+06 4536.43
6796 8.14277e+06 4533.76
6797 8.14038e+06 4531.1
6798 8.13798e+06 4528.43
6799 8.13559e+06 4525.77
6800 8.13319e+06 4523.11
6801 8.1308e+06 4520.45
6802 8.12841e+06 4517.79
6803 8.12602e+06 4515.13
6804 8.12363e+06 4512.48
6805 8.12124e+06 4509.83
6806 8.11885e+06 4507.18
6807 8.11647e+06 4504.53
6808 8.11408e+06 4501.88
6809 8.1117e+06 4499.24
6810 8.10931e+06 4496.6
6811 8.10693e+06 4493.96
6812 8.10455e+06 4491.32
6813 8.10217e+06 4488.68
6814 8.09979e+06 4486.05
6815 8.09741e+06 4483.42
6816 8.09504e+06 4480.78
6817 8.09266e+06 4478.16
6818 8.09029e+06 4475.53
6819 8.08791e+06 4472.9
6820 8.08554e+06 4470.28
6821 8.08317e+06 4467.66
6822 8.0808e+06 4465.04
6823 8.07843e+06 4462.42
6824 8.07606e+06 4459.81
6825 8.07369e+06 4457.2
6826 8.07133e+06 4454.59
6827 8.06896e+06 4451.98
6828 8.0666e+06 4449.37
6829 8.06423e+06 4446.76
6830 8.06187e+06 4444.16
6831 8.05951e+06 4441.56
6832 8.05715e+06 4438.96
6833 8.05479e+06 4436.36
6834 8.05243e+06 4433.76
6835 8.05008e+06 4431.17
6836 8.04772e+06 4428.58
6837 8.04537e+06 4425.99
6838 8.04301e+06 4423.4
6839 8.04066e+06 4420.81
6840 8.03831e+06 4418.23
6841 8.03596e+06 4415.64
6842 8.03361e+06 4413.06
6843 8.03126e+06 4410.48
6844 8.02891e+06 4407.91
6845 8.02656e+06 4405.33
6846 8.02422e+06 4402.76
6847 8.02187e+06 4400.19
6848 8.01953e+06 4397.62
6849 8.01719e+06 4395.05
6850 8.01484e+06 4392.48
6851 8.0125e+06 4389.92
6852 8.01016e+06 4387.36
6853 8.00783e+06 4384.8
6854 8.00549e+06 4382.24
6855 8.00315e+06 4379.68
6856 8.00082e+06 4377.13
6857 7.99848e+06 4374.57
6858 7.99615e+06 4372.02
6859 7.99382e+06 4369.47
6860 7.99148e+06 4366.93
6861 7.98915e+06 4364.38
6862 7.98683e+06 4361.84
6863 7.9845e+06 4359.3
6864 7.98217e+06 4356.76
6865 7.97984e+06 4354.22
6866 7.97752e+06 4351.68
6867 7.97519e+06 4349.15
6868 7.97287e+06 4346.62
6869 7.97055e+06 4344.09
6870 7.96823e+06 4341.56
6871 7.96591e+06 4339.03
6872 7.96359e+06 4336.5
6873 7.96127e+06 4333.98
6874 7.95895e+06 4331.46
6875 7.95664e+06 4328.94
6876 7.95432e+06 4326.42
6877 7.95201e+06 4323.91
6878 7.94969e+06 4321.39
6879 7.94738e+06 4318.88
6880 7.94507e+06 4316.37
6881 7.94276e+06 4313.86
6882 7.94045e+06 4311.35
6883 7.93814e+06 4308.85
6884 7.93584e+06 4306.35
6885 7.93353e+06 4303.85
6886 7.93123e+06 4301.35
6887 7.92892e+06 4298.85
6888 7.92662e+06 4296.35
6889 7.92432e+06 4293.86
6890 7.92202e+06 4291.37
6891 7.91972e+06 4288.88
6892 7.91742e+06 4286.39
6893 7.91512e+06 4283.9
6894 7.91282e+06 4281.41
6895 7.91053e+06 4278.93
6896 7.90823e+06 4276.45
6897 7.90594e+06 4273.97
6898 7.90364e+06 4271.49
6899 7.90135e+06 4269.02
6900 7.89906e+06 4266.54
6901 7.89677e+06 4264.07
6902 7.89448e+06 4261.6
6903 7.89219e+06 4259.13
6904 7.88991e+06 4256.66
6905 7.88762e+06 4254.2
6906 7.88534e+06 4251.73
6907 7.88305e+06 4249.27
6908 7.88077e+06 4246.81
6909 7.87849e+06 4244.35
6910 7.87621e+06 4241.9
6911 7.87393e+06 4239.44
6912 7.87165e+06 4236.99
6913 7.86937e+06 4234.54
6914 7.86709e+06 4232.09
6915 7.86481e+06 4229.64
6916 7.86254e+06 4227.2
6917 7.86027e+06 4224.75
6918 7.85799e+06 4222.31
6919 7.85572e+06 4219.87
6920 7.85345e+06 4217.43
6921 7.85118e+06 4214.99
6922 7.84891e+06 4212.56
6923 7.84664e+06 4210.13
6924 7.84437e+06 4207.69
6925 7.84211e+06 4205.26
6926 7.83984e+06 4202.84
6927 7.83758e+06 4200.41
6928 7.83531e+06 4197.99
6929 7.83305e+06 4195.56
6930 7.83079e+06 4193.14
6931 7.82853e+06 4190.72
6932 7.82627e+06 4188.3
6933 7.82401e+06 4185.89
6934 7.82176e+06 4183.47
6935 7.8195e+06 4181.06
6936 7.81724e+06 4178.65
6937 7.81499e+06 4176.24
6938 7.81274e+06 4173.83
6939 7.81048e+06 4171.43
6940 7.80823e+06 4169.03
6941 7.80598e+06 4166.62
6942 7.80373e+06 4164.22
6943 7.80148e+06 4161.82
6944 7.79923e+06 4159.43
6945 7.79699e+06 4157.03
6946 7.79474e+06 4154.64
6947 7.7925e+06 4152.25
6948 7.79025e+06 4149.86
6949 7.78801e+06 4147.47
6950 7.78577e+06 4145.08
6951 7.78353e+06 4142.7
6952 7.78129e+06 4140.31
6953 7.77905e+06 4137.93
6954 7.77681e+06 4135.55
6955 7.77457e+06 4133.18
6956 7.77234e+06 4130.8
6957 7.7701e+06 4128.42
6958 7.76787e+06 4126.05
6959 7.76564e+06 4123.68
6960 7.7634e+06 4121.31
6961 7.76117e+06 4118.94
6962 7.75894e+06 4116.58
6963 7.75671e+06 4114.21
6964 7.75448e+06 4111.85
6965 7.75226e+06 4109.49
6966 7.75003e+06 4107.13
6967 7.7478e+06 4104.77
6968 7.74558e+06 4102.42
6969 7.74336e+06 4100.06
6970 7.74113e+06 4097.71
6971 7.73891e+06 4095.36
6972 7.73669e+06 4093.01
6973 7.73447e+06 4090.66
6974 7.73225e+06 4088.32
6975 7.73003e+06 4085.97
6976 7.72782e+06 4083.63
6977 7.7256e+06 4081.29
6978 7.72339e+06 4078.95
6979 7.72117e+06 4076.61
6980 7.71896e+06 4074.28
6981 7.71675e+06 4071.94
6982 7.71454e+06 4069.61
6983 7.71233e+06 4067.28
6984 7.71012e+06 4064.95
6985 7.70791e+06 4062.63
6986 7.7057e+06 4060.3
6987 7.70349e+06 4057.98
6988 7.70129e+06 4055.65
6989 7.69908e+06 4053.33
6990 7.69688e+06 4051.01
6991 7.69468e+06 4048.7
6992 7.69248e+06 4046.38
6993 7.69028e+06 4044.07
6994 7.68808e+06 4041.75
6995 7.68588e+06 4039.44
6996 7.68368e+06 4037.13
6997 7.68148e+06 4034.83
6998 7.67929e+06 4032.52
6999 7.67709e+06 4030.22
7000 7.6749e+06 4027.91
7001 7.6727e+06 4025.61
7002 7.67051e+06 4023.31
7003 7.66832e+06 4021.02
7004 7.66613e+06 4018.72
7005 7.66394e+06 4016.43
7006 7.66175e+06 4014.13
7007 7.65956e+06 4011.84
7008 7.65738e+06 4009.55
7009 7.65519e+06 4007.27
7010 7.65301e+06 4004.98
7011 7.65082e+06 4002.7
7012 7.64864e+06 4000.41
7013 7.64646e+06 3998.13
7014 7.64428e+06 3995.85
7015 7.6421e+06 3993.57
7016 7.63992e+06 3991.3
7017 7.63774e+06 3989.02
7018 7.63556e+06 3986.75
7019 7.63339e+06 3984.48
7020 7.63121e+06 3982.21
7021 7.62904e+06 3979.94
7022 7.62686e+06 3977.67
7023 7.62469e+06 3975.41
7024 7.62252e+06 3973.14
7025 7.62035e+06 3970.88
7026 7.61818e+06 3968.62
7027 7.61601e+06 3966.36
7028 7.61384e+06 3964.11
7029 7.61167e+06 3961.85
7030 7.60951e+06 3959.6
7031 7.60734e+06 3957.35
7032 7.60518e+06 3955.1
7033 7.60301e+06 3952.85
7034 7.60085e+06 3950.6
7035 7.59869e+06 3948.35
7036 7.59653e+06 3946.11
7037 7.59437e+06 3943.87
7038 7.59221e+06 3941.63
7039 7.59005e+06 3939.39
7040 7.5879e+06 3937.15
7041 7.58574e+06 3934.91
7042 7.58358e+06 3932.68
7043 7.58143e+06 3930.44
7044 7.57928e+06 3928.21
7045 7.57712e+06 3925.98
7046 7.57497e+06 3923.75
7047 7.57282e+06 3921.53
7048 7.57067e+06 3919.3
7049 7.56852e+06 3917.08
7050 7.56638e+06 3914.86
7051 7.56423e+06 3912.64
7052 7.56208e+06 3910.42
7053 7.55994e+06 3908.2
7054 7.55779e+06 3905.99
7055 7.55565e+06 3903.77
7056 7.55351e+06 3901.56
7057 7.55137e+06 3899.35
7058 7.54923e+06 3897.14
7059 7.54709e+06 3894.93
7060 7.54495e+06 3892.72
7061 7.54281e+06 3890.52
7062 7.54067e+06 3888.32
7063 7.53854e+06 3886.11
7064 7.5364e+06 3883.91
7065 7.53427e+06 3881.72
7066 7.53214e+06 3879.52
7067 7.53e+06 3877.32
7068 7.52787e+06 3875.13
7069 7.52574e+06 3872.94
7070 7.52361e+06 3870.75
7071 7.52148e+06 3868.56
7072 7.51936e+06 3866.37
7073 7.51723e+06 3864.18
7074 7.5151e+06 3862
7075 7.51298e+06 3859.82
7076 7.51085e+06 3857.63
7077 7.50873e+06 3855.45
7078 7.50661e+06 3853.28
7079 7.50449e+06 3851.1
7080 7.50237e+06 3848.92
7081 7.50025e+06 3846.75
7082 7.49813e+06 3844.58
7083 7.49601e+06 3842.41
7084 7.49389e+06 3840.24
7085 7.49178e+06 3838.07
7086 7.48966e+06 3835.9
7087 7.48755e+06 3833.74
7088 7.48543e+06 3831.58
7089 7.48332e+06 3829.42
7090 7.48121e+06 3827.26
7091 7.4791e+06 3825.1
7092 7.47699e+06 3822.94
7093 7.47488e+06 3820.78
7094 7.47277e+06 3818.63
7095 7.47066e+06 3816.48
7096 7.46856e+06 3814.33
7097 7.46645e+06 3812.18
7098 7.46435e+06 3810.03
7099 7.46224e+06 3807.88
7100 7.46014e+06 3805.74
7101 7.45804e+06 3803.6
7102 7.45594e+06 3801.45
7103 7.45384e+06 3799.31
7104 7.45174e+06 3797.17
7105 7.44964e+06 3795.04
7106 7.44754e+06 3792.9
7107 7.44545e+06 3790.77
7108 7.44335e+06 3788.63
7109 7.44126e+06 3786.5
7110 7.43916e+06 3784.37
7111 7.43707e+06 3782.25
7112 7.43498e+06 3780.12
7113 7.43289e+06 3777.99
7114 7.4308e+06 3775.87
7115 7.42871e+06 3773.75
7116 7.42662e+06 3771.63
7117 7.42453e+06 3769.51
7118 7.42245e+06 3767.39
7119 7.42036e+06 3765.27
7120 7.41827e+06 3763.16
7121 7.41619e+06 3761.04
7122 7.41411e+06 3758.93
7123 7.41202e+06 3756.82
7124 7.40994e+06 3754.71
7125 7.40786e+06 3752.61
7126 7.40578e+06 3750.5
7127 7.4037e+06 3748.4
7128 7.40163e+06 3746.29
7129 7.39955e+06 3744.19
7130 7.39747e+06 3742.09
7131 7.3954e+06 3739.99
7132 7.39332e+06 3737.89
7133 7.39125e+06 3735.8
7134 7.38918e+06 3733.7
7135 7.3871e+06 3731.61
7136 7.38503e+06 3729.52
7137 7.38296e+06 3727.43
7138 7.38089e+06 3725.34
7139 7.37883e+06 3723.26
7140 7.37676e+06 3721.17
7141 7.37469e+06 3719.09
7142 7.37263e+06 3717
7143 7.37056e+06 3714.92
7144 7.3685e+06 3712.84
7145 7.36643e+06 3710.77
7146 7.36437e+06 3708.69
7147 7.36231e+06 3706.61
7148 7.36025e+06 3704.54
7149 7.35819e+06 3702.47
7150 7.35613e+06 3700.4
7151 7.35407e+06 3698.33
7152 7.35201e+06 3696.26
7153 7.34996e+06 3694.19
7154 7.3479e+06 3692.13
7155 7.34585e+06 3690.06
7156 7.34379e+06 3688
7157 7.34174e+06 3685.94
7158 7.33969e+06 3683.88
7159 7.33764e+06 3681.82
7160 7.33559e+06 3679.77
7161 7.33354e+06 3677.71
7162 7.33149e+06 3675.66
7163 7.32944e+06 3673.61
7164 7.3274e+06 3671.56
7165 7.32535e+06 3669.51
7166 7.32331e+06 3667.46
7167 7.32126e+06 3665.41
7168 7.31922e+06 3663.37
7169 7.31718e+06 3661.32
7170 7.31513e+06 3659.28
7171 7.31309e+06 3657.24
7172 7.31105e+06 3655.2
7173 7.30901e+06 3653.16
7174 7.30698e+06 3651.13
7175 7.30494e+06 3649.09
7176 7.3029e+06 3647.06
7177 7.30087e+06 3645.03
7178 7.29883e+06 3643
7179 7.2968e+06 3640.97
7180 7.29476e+06 3638.94
7181 7.29273e+06 3636.91
7182 7.2907e+06 3634.89
7183 7.28867e+06 3632.86
7184 7.28664e+06 3630.84
7185 7.28461e+06 3628.82
7186 7.28258e+06 3626.8
7187 7.28056e+06 3624.78
7188 7.27853e+06 3622.76
7189 7.2765e+06 3620.75
7190 7.27448e+06 3618.74
7191 7.27245e+06 3616.72
7192 7.27043e+06 3614.71
7193 7.26841e+06 3612.7
7194 7.26639e+06 3610.69
7195 7.26437e+06 3608.69
7196 7.26235e+06 3606.68
7197 7.26033e+06 3604.68
7198 7.25831e+06 3602.67
7199 7.25629e+06 3600.67
7200 7.25428e+06 3598.67
7201 7.25226e+06 3596.67
7202 7.25025e+06 3594.68
7203 7.24823e+06 3592.68
7204 7.24622e+06 3590.69
7205 7.24421e+06 3588.69
7206 7.2422e+06 3586.7
7207 7.24019e+06 3584.71
7208 7.23818e+06 3582.72
7209 7.23617e+06 3580.74
7210 7.23416e+06 3578.75
7211 7.23215e+06 3576.77
7212 7.23015e+06 3574.78
7213 7.22814e+06 3572.8
7214 7.22614e+06 3570.82
7215 7.22413e+06 3568.84
7216 7.22213e+06 3566.86
7217 7.22013e+06 3564.89
7218 7.21813e+06 3562.91
7219 7.21613e+06 3560.94
7220 7.21413e+06 3558.96
7221 7.21213e+06 3556.99
7222 7.21013e+06 3555.02
7223 7.20814e+06 3553.06
7224 7.20614e+06 3551.09
7225 7.20414e+06 3549.12
7226 7.20215e+06 3547.16
7227 7.20016e+06 3545.2
7228 7.19816e+06 3543.23
7229 7.19617e+06 3541.27
7230 7.19418e+06 3539.31
7231 7.19219e+06 3537.36
7232 7.1902e+06 3535.4
7233 7.18821e+06 3533.45
7234 7.18622e+06 3531.49
7235 7.18424e+06 3529.54
7236 7.18225e+06 3527.59
7237 7.18026e+06 3525.64
7238 7.17828e+06 3523.69
7239 7.1763e+06 3521.75
7240 7.17431e+06 3519.8
7241 7.17233e+06 3517.86
7242 7.17035e+06 3515.91
7243 7.16837e+06 3513.97
7244 7.16639e+06 3512.03
7245 7.16441e+06 3510.09
7246 7.16243e+06 3508.16
7247 7.16045e+06 3506.22
7248 7.15848e+06 3504.29
7249 7.1565e+06 3502.35
7250 7.15453e+06 3500.42
7251 7.15255e+06 3498.49
7252 7.15058e+06 3496.56
7253 7.14861e+06 3494.63
7254 7.14664e+06 3492.71
7255 7.14467e+06 3490.78
7256 7.1427e+06 3488.86
7257 7.14073e+06 3486.94
7258 7.13876e+06 3485.01
7259 7.13679e+06 3483.09
7260 7.13482e+06 3481.18
7261 7.13286e+06 3479.26
7262 7.13089e+06 3477.34
7263 7.12893e+06 3475.43
7264 7.12697e+06 3473.51
7265 7.125e+06 3471.6
7266 7.12304e+06 3469.69
7267 7.12108e+06 3467.78
7268 7.11912e+06 3465.87
7269 7.11716e+06 3463.97
7270 7.1152e+06 3462.06
7271 7.11324e+06 3460.16
7272 7.11129e+06 3458.25
7273 7.10933e+06 3456.35
7274 7.10738e+06 3454.45
7275 7.10542e+06 3452.55
7276 7.10347e+06 3450.66
7277 7.10152e+06 3448.76
7278 7.09956e+06 3446.86
7279 7.09761e+06 3444.97
7280 7.09566e+06 3443.08
7281 7.09371e+06 3441.19
7282 7.09176e+06 3439.3
7283 7.08981e+06 3437.41
7284 7.08787e+06 3435.52
7285 7.08592e+06 3433.64
7286 7.08398e+06 3431.75
7287 7.08203e+06 3429.87
7288 7.08009e+06 3427.99
7289 7.07814e+06 3426.1
7290 7.0762e+06 3424.22
7291 7.07426e+06 3422.35
7292 7.07232e+06 3420.47
7293 7.07038e+06 3418.59
7294 7.06844e+06 3416.72
7295 7.0665e+06 3414.85
7296 7.06456e+06 3412.97
7297 7.06263e+06 3411.1
7298 7.06069e+06 3409.24
7299 7.05875e+06 3407.37
7300 7.05682e+06 3405.5
7301 7.05489e+06 3403.64
7302 7.05295e+06 3401.77
7303 7.05102e+06 3399.91
7304 7.04909e+06 3398.05
7305 7.04716e+06 3396.19
7306 7.04523e+06 3394.33
7307 7.0433e+06 3392.47
7308 7.04137e+06 3390.61
7309 7.03945e+06 3388.76
7310 7.03752e+06 3386.9
7311 7.03559e+06 3385.05
7312 7.03367e+06 3383.2
7313 7.03174e+06 3381.35
7314 7.02982e+06 3379.5
7315 7.0279e+06 3377.65
7316 7.02598e+06 3375.81
7317 7.02406e+06 3373.96
7318 7.02214e+06 3372.12
7319 7.02022e+06 3370.28
7320 7.0183e+06 3368.43
7321 7.01638e+06 3366.59
7322 7.01446e+06 3364.76
7323 7.01255e+06 3362.92
7324 7.01063e+06 3361.08
7325 7.00872e+06 3359.25
7326 7.0068e+06 3357.41
7327 7.00489e+06 3355.58
7328 7.00298e+06 3353.75
7329 7.00106e+06 3351.92
7330 6.99915e+06 3350.09
7331 6.99724e+06 3348.26
7332 6.99533e+06 3346.44
7333 6.99343e+06 3344.61
7334 6.99152e+06 3342.79
7335 6.98961e+06 3340.97
7336 6.98771e+06 3339.14
7337 6.9858e+06 3337.32
7338 6.9839e+06 3335.5
7339 6.98199e+06 3333.69
7340 6.98009e+06 3331.87
7341 6.97819e+06 3330.06
7342 6.97628e+06 3328.24
7343 6.97438e+06 3326.43
7344 6.97248e+06 3324.62
7345 6.97059e+06 3322.81
7346 6.96869e+06 3321
7347 6.96679e+06 3319.19
7348 6.96489e+06 3317.38
7349 6.963e+06 3315.58
7350 6.9611e+06 3313.78
7351 6.95921e+06 3311.97
7352 6.95731e+06 3310.17
7353 6.95542e+06 3308.37
7354 6.95353e+06 3306.57
7355 6.95164e+06 3304.77
7356 6.94975e+06 3302.98
7357 6.94786e+06 3301.18
7358 6.94597e+06 3299.39
7359 6.94408e+06 3297.59
7360 6.94219e+06 3295.8
7361 6.9403e+06 3294.01
7362 6.93842e+06 3292.22
7363 6.93653e+06 3290.43
7364 6.93465e+06 3288.65
7365 6.93277e+06 3286.86
7366 6.93088e+06 3285.08
7367 6.929e+06 3283.29
7368 6.92712e+06 3281.51
7369 6.92524e+06 3279.73
7370 6.92336e+06 3277.95
7371 6.92148e+06 3276.17
7372 6.9196e+06 3274.4
7373 6.91772e+06 3272.62
7374 6.91585e+06 3270.84
7375 6.91397e+06 3269.07
7376 6.9121e+06 3267.3
7377 6.91022e+06 3265.53
7378 6.90835e+06 3263.76
7379 6.90647e+06 3261.99
7380 6.9046e+06 3260.22
7381 6.90273e+06 3258.45
7382 6.90086e+06 3256.69
7383 6.89899e+06 3254.92
7384 6.89712e+06 3253.16
7385 6.89525e+06 3251.4
7386 6.89338e+06 3249.64
7387 6.89152e+06 3247.88
7388 6.88965e+06 3246.12
7389 6.88779e+06 3244.37
7390 6.88592e+06 3242.61
7391 6.88406e+06 3240.85
7392 6.88219e+06 3239.1
7393 6.88033e+06 3237.35
7394 6.87847e+06 3235.6
7395 6.87661e+06 3233.85
7396 6.87475e+06 3232.1
7397 6.87289e+06 3230.35
7398 6.87103e+06 3228.61
7399 6.86917e+06 3226.86
7400 6.86732e+06 3225.12
7401 6.86546e+06 3223.37
7402 6.8636e+06 3221.63
7403 6.86175e+06 3219.89
7404 6.8599e+06 3218.15
7405 6.85804e+06 3216.42
7406 6.85619e+06 3214.68
7407 6.85434e+06 3212.94
7408 6.85249e+06 3211.21
7409 6.85064e+06 3209.48
7410 6.84879e+06 3207.74
7411 6.84694e+06 3206.01
7412 6.84509e+06 3204.28
7413 6.84324e+06 3202.55
7414 6.8414e+06 3200.83
7415 6.83955e+06 3199.1
7416 6.83771e+06 3197.37
7417 6.83586e+06 3195.65
7418 6.83402e+06 3193.93
7419 6.83218e+06 3192.21
7420 6.83033e+06 3190.49
7421 6.82849e+06 3188.77
7422 6.82665e+06 3187.05
7423 6.82481e+06 3185.33
7424 6.82297e+06 3183.62
7425 6.82113e+06 3181.9
7426 6.8193e+06 3180.19
7427 6.81746e+06 3178.47
7428 6.81562e+06 3176.76
7429 6.81379e+06 3175.05
7430 6.81195e+06 3173.34
7431 6.81012e+06 3171.64
7432 6.80829e+06 3169.93
7433 6.80645e+06 3168.22
7434 6.80462e+06 3166.52
7435 6.80279e+06 3164.82
7436 6.80096e+06 3163.11
7437 6.79913e+06 3161.41
7438 6.7973e+06 3159.71
7439 6.79547e+06 3158.01
7440 6.79365e+06 3156.32
7441 6.79182e+06 3154.62
7442 6.79e+06 3152.93
7443 6.78817e+06 3151.23
7444 6.78635e+06 3149.54
7445 6.78452e+06 3147.85
7446 6.7827e+06 3146.16
7447 6.78088e+06 3144.47
7448 6.77906e+06 3142.78
7449 6.77724e+06 3141.09
7450 6.77542e+06 3139.4
7451 6.7736e+06 3137.72
7452 6.77178e+06 3136.04
7453 6.76996e+06 3134.35
7454 6.76814e+06 3132.67
7455 6.76633e+06 3130.99
7456 6.76451e+06 3129.31
7457 6.7627e+06 3127.63
7458 6.76088e+06 3125.96
7459 6.75907e+06 3124.28
7460 6.75726e+06 3122.61
7461 6.75544e+06 3120.93
7462 6.75363e+06 3119.26
7463 6.75182e+06 3117.59
7464 6.75001e+06 3115.92
7465 6.7482e+06 3114.25
7466 6.7464e+06 3112.58
7467 6.74459e+06 3110.91
7468 6.74278e+06 3109.25
7469 6.74098e+06 3107.58
7470 6.73917e+06 3105.92
7471 6.73737e+06 3104.26
7472 6.73556e+06 3102.59
7473 6.73376e+06 3100.93
7474 6.73196e+06 3099.27
7475 6.73015e+06 3097.62
7476 6.72835e+06 3095.96
7477 6.72655e+06 3094.3
7478 6.72475e+06 3092.65
7479 6.72296e+06 3090.99
7480 6.72116e+06 3089.34
7481 6.71936e+06 3087.69
7482 6.71756e+06 3086.04
7483 6.71577e+06 3084.39
7484 6.71397e+06 3082.74
7485 6.71218e+06 3081.1
7486 6.71038e+06 3079.45
7487 6.70859e+06 3077.8
7488 6.7068e+06 3076.16
7489 6.70501e+06 3074.52
7490 6.70322e+06 3072.88
7491 6.70143e+06 3071.24
7492 6.69964e+06 3069.6
7493 6.69785e+06 3067.96
7494 6.69606e+06 3066.32
7495 6.69427e+06 3064.69
7496 6.69249e+06 3063.05
7497 6.6907e+06 3061.42
7498 6.68891e+06 3059.78
7499 6.68713e+06 3058.15
7500 6.68535e+06 3056.52
7501 6.68356e+06 3054.89
7502 6.68178e+06 3053.26
7503 6.68e+06 3051.64
7504 6.67822e+06 3050.01
7505 6.67644e+06 3048.38
7506 6.67466e+06 3046.76
7507 6.67288e+06 3045.14
7508 6.6711e+06 3043.51
7509 6.66933e+06 3041.89
7510 6.66755e+06 3040.27
7511 6.66577e+06 3038.65
7512 6.664e+06 3037.04
7513 6.66222e+06 3035.42
7514 6.66045e+06 3033.8
7515 6.65868e+06 3032.19
7516 6.6569e+06 3030.58
7517 6.65513e+06 3028.96
7518 6.65336e+06 3027.35
7519 6.65159e+06 3025.74
7520 6.64982e+06 3024.13
7521 6.64805e+06 3022.53
7522 6.64628e+06 3020.92
7523 6.64452e+06 3019.31
7524 6.64275e+06 3017.71
7525 6.64098e+06 3016.1
7526 6.63922e+06 3014.5
7527 6.63745e+06 3012.9
7528 6.63569e+06 3011.3
7529 6.63393e+06 3009.7
7530 6.63216e+06 3008.1
7531 6.6304e+06 3006.5
7532 6.62864e+06 3004.91
7533 6.62688e+06 3003.31
7534 6.62512e+06 3001.72
7535 6.62336e+06 3000.13
7536 6.6216e+06 2998.53
7537 6.61985e+06 2996.94
7538 6.61809e+06 2995.35
7539 6.61633e+06 2993.76
7540 6.61458e+06 2992.18
7541 6.61282e+06 2990.59
7542 6.61107e+06 2989
7543 6.60932e+06 2987.42
7544 6.60756e+06 2985.83
7545 6.60581e+06 2984.25
7546 6.60406e+06 2982.67
7547 6.60231e+06 2981.09
7548 6.60056e+06 2979.51
7549 6.59881e+06 2977.93
7550 6.59706e+06 2976.35
7551 6.59531e+06 2974.78
7552 6.59357e+06 2973.2
7553 6.59182e+06 2971.63
7554 6.59007e+06 2970.05
7555 6.58833e+06 2968.48
7556 6.58659e+06 2966.91
7557 6.58484e+06 2965.34
7558 6.5831e+06 2963.77
7559 6.58136e+06 2962.2
7560 6.57962e+06 2960.64
7561 6.57787e+06 2959.07
7562 6.57613e+06 2957.51
7563 6.57439e+06 2955.94
7564 6.57266e+06 2954.38
7565 6.57092e+06 2952.82
7566 6.56918e+06 2951.26
7567 6.56744e+06 2949.7
7568 6.56571e+06 2948.14
7569 6.56397e+06 2946.58
7570 6.56224e+06 2945.02
7571 6.5605e+06 2943.47
7572 6.55877e+06 2941.91
7573 6.55704e+06 2940.36
7574 6.55531e+06 2938.81
7575 6.55357e+06 2937.26
7576 6.55184e+06 2935.71
7577 6.55011e+06 2934.16
7578 6.54838e+06 2932.61
7579 6.54666e+06 2931.06
7580 6.54493e+06 2929.51
7581 6.5432e+06 2927.97
7582 6.54147e+06 2926.42
7583 6.53975e+06 2924.88
7584 6.53802e+06 2923.34
7585 6.5363e+06 2921.8
7586 6.53458e+06 2920.26
7587 6.53285e+06 2918.72
7588 6.53113e+06 2917.18
7589 6.52941e+06 2915.64
7590 6.52769e+06 2914.11
7591 6.52597e+06 2912.57
7592 6.52425e+06 2911.04
7593 6.52253e+06 2909.5
7594 6.52081e+06 2907.97
7595 6.51909e+06 2906.44
7596 6.51738e+06 2904.91
7597 6.51566e+06 2903.38
7598 6.51394e+06 2901.85
7599 6.51223e+06 2900.32
7600 6.51052e+06 2898.8
7601 6.5088e+06 2897.27
7602 6.50709e+06 2895.75
7603 6.50538e+06 2894.23
7604 6.50366e+06 2892.7
7605 6.50195e+06 2891.18
7606 6.50024e+06 2889.66
7607 6.49853e+06 2888.14
7608 6.49683e+06 2886.63
7609 6.49512e+06 2885.11
7610 6.49341e+06 2883.59
7611 6.4917e+06 2882.08
7612 6.49e+06 2880.56
7613 6.48829e+06 2879.05
7614 6.48659e+06 2877.54
7615 6.48488e+06 2876.03
7616 6.48318e+06 2874.52
7617 6.48148e+06 2873.01
7618 6.47977e+06 2871.5
7619 6.47807e+06 2869.99
7620 6.47637e+06 2868.48
7621 6.47467e+06 2866.98
7622 6.47297e+06 2865.48
7623 6.47127e+06 2863.97
7624 6.46958e+06 2862.47
7625 6.46788e+06 2860.97
7626 6.46618e+06 2859.47
7627 6.46449e+06 2857.97
7628 6.46279e+06 2856.47
7629 6.4611e+06 2854.97
7630 6.4594e+06 2853.48
7631 6.45771e+06 2851.98
7632 6.45602e+06 2850.49
7633 6.45432e+06 2848.99
7634 6.45263e+06 2847.5
7635 6.45094e+06 2846.01
7636 6.44925e+06 2844.52
7637 6.44756e+06 2843.03
7638 6.44587e+06 2841.54
7639 6.44419e+06 2840.05
7640 6.4425e+06 2838.57
7641 6.44081e+06 2837.08
7642 6.43913e+06 2835.6
7643 6.43744e+06 2834.11
7644 6.43575e+06 2832.63
7645 6.43407e+06 2831.15
7646 6.43239e+06 2829.67
7647 6.4307e+06 2828.19
7648 6.42902e+06 2826.71
7649 6.42734e+06 2825.23
7650 6.42566e+06 2823.75
7651 6.42398e+06 2822.28
7652 6.4223e+06 2820.8
7653 6.42062e+06 2819.33
7654 6.41894e+06 2817.85
7655 6.41727e+06 2816.38
7656 6.41559e+06 2814.91
7657 6.41391e+06 2813.44
7658 6.41224e+06 2811.97
7659 6.41056e+06 2810.5
7660 6.40889e+06 2809.04
7661 6.40721e+06 2807.57
7662 6.40554e+06 2806.1
7663 6.40387e+06 2804.64
7664 6.4022e+06 2803.18
7665 6.40053e+06 2801.71
7666 6.39886e+06 2800.25
7667 6.39719e+06 2798.79
7668 6.39552e+06 2797.33
7669 6.39385e+06 2795.87
7670 6.39218e+06 2794.42
7671 6.39052e+06 2792.96
7672 6.38885e+06 2791.5
7673 6.38718e+06 2790.05
7674 6.38552e+06 2788.59
7675 6.38385e+06 2787.14
7676 6.38219e+06 2785.69
7677 6.38053e+06 2784.24
7678 6.37886e+06 2782.79
7679 6.3772e+06 2781.34
7680 6.37554e+06 2779.89
7681 6.37388e+06 2778.44
7682 6.37222e+06 2777
7683 6.37056e+06 2775.55
7684 6.3689e+06 2774.11
7685 6.36725e+06 2772.66
7686 6.36559e+06 2771.22
7687 6.36393e+06 2769.78
7688 6.36228e+06 2768.34
7689 6.36062e+06 2766.9
7690 6.35897e+06 2765.46
7691 6.35731e+06 2764.02
7692 6.35566e+06 2762.58
7693 6.35401e+06 2761.15
7694 6.35235e+06 2759.71
7695 6.3507e+06 2758.28
7696 6.34905e+06 2756.84
7697 6.3474e+06 2755.41
7698 6.34575e+06 2753.98
7699 6.3441e+06 2752.55
7700 6.34245e+06 2751.12
7701 6.34081e+06 2749.69
7702 6.33916e+06 2748.26
7703 6.33751e+06 2746.84
7704 6.33587e+06 2745.41
7705 6.33422e+06 2743.99
7706 6.33258e+06 2742.56
7707 6.33093e+06 2741.14
7708 6.32929e+06 2739.72
7709 6.32765e+06 2738.29
7710 6.32601e+06 2736.87
7711 6.32437e+06 2735.46
7712 6.32272e+06 2734.04
7713 6.32108e+06 2732.62
7714 6.31945e+06 2731.2
7715 6.31781e+06 2729.79
7716 6.31617e+06 2728.37
7717 6.31453e+06 2726.96
7718 6.31289e+06 2725.54
7719 6.31126e+06 2724.13
7720 6.30962e+06 2722.72
7721 6.30799e+06 2721.31
7722 6.30635e+06 2719.9
7723 6.30472e+06 2718.49
7724 6.30309e+06 2717.09
7725 6.30146e+06 2715.68
7726 6.29982e+06 2714.27
7727 6.29819e+06 2712.87
7728 6.29656e+06 2711.46
7729 6.29493e+06 2710.06
7730 6.2933e+06 2708.66
7731 6.29168e+06 2707.26
7732 6.29005e+06 2705.86
7733 6.28842e+06 2704.46
7734 6.28679e+06 2703.06
7735 6.28517e+06 2701.66
7736 6.28354e+06 2700.27
7737 6.28192e+06 2698.87
7738 6.28029e+06 2697.48
7739 6.27867e+06 2696.08
7740 6.27705e+06 2694.69
7741 6.27542e+06 2693.3
7742 6.2738e+06 2691.91
7743 6.27218e+06 2690.51
7744 6.27056e+06 2689.13
7745 6.26894e+06 2687.74
7746 6.26732e+06 2686.35
7747 6.2657e+06 2684.96
7748 6.26409e+06 2683.58
7749 6.26247e+06 2682.19
7750 6.26085e+06 2680.81
7751 6.25924e+06 2679.42
7752 6.25762e+06 2678.04
7753 6.25601e+06 2676.66
7754 6.25439e+06 2675.28
7755 6.25278e+06 2673.9
7756 6.25117e+06 2672.52
7757 6.24956e+06 2671.14
7758 6.24794e+06 2669.77
7759 6.24633e+06 2668.39
7760 6.24472e+06 2667.02
7761 6.24311e+06 2665.64
7762 6.2415e+06 2664.27
7763 6.2399e+06 2662.9
7764 6.23829e+06 2661.52
7765 6.23668e+06 2660.15
7766 6.23507e+06 2658.78
7767 6.23347e+06 2657.41
7768 6.23186e+06 2656.05
7769 6.23026e+06 2654.68
7770 6.22865e+06 2653.31
7771 6.22705e+06 2651.95
7772 6.22545e+06 2650.58
7773 6.22385e+06 2649.22
7774 6.22224e+06 2647.86
7775 6.22064e+06 2646.49
7776 6.21904e+06 2645.13
7777 6.21744e+06 2643.77
7778 6.21584e+06 2642.41
7779 6.21424e+06 2641.05
7780 6.21265e+06 2639.7
7781 6.21105e+06 2638.34
7782 6.20945e+06 2636.98
7783 6.20786e+06 2635.63
7784 6.20626e+06 2634.27
7785 6.20467e+06 2632.92
7786 6.20307e+06 2631.57
7787 6.20148e+06 2630.22
7788 6.19989e+06 2628.87
7789 6.19829e+06 2627.52
7790 6.1967e+06 2626.17
7791 6.19511e+06 2624.82
7792 6.19352e+06 2623.47
7793 6.19193e+06 2622.13
7794 6.19034e+06 2620.78
7795 6.18875e+06 2619.44
7796 6.18716e+06 2618.09
7797 6.18558e+06 2616.75
7798 6.18399e+06 2615.41
7799 6.1824e+06 2614.07
7800 6.18082e+06 2612.73
7801 6.17923e+06 2611.39
7802 6.17765e+06 2610.05
7803 6.17606e+06 2608.71
7804 6.17448e+06 2607.37
7805 6.1729e+06 2606.04
7806 6.17132e+06 2604.7
7807 6.16974e+06 2603.37
7808 6.16815e+06 2602.04
7809 6.16657e+06 2600.7
7810 6.16499e+06 2599.37
7811 6.16342e+06 2598.04
7812 6.16184e+06 2596.71
7813 6.16026e+06 2595.38
7814 6.15868e+06 2594.05
7815 6.15711e+06 2592.73
7816 6.15553e+06 2591.4
7817 6.15396e+06 2590.07
7818 6.15238e+06 2588.75
7819 6.15081e+06 2587.42
7820 6.14923e+06 2586.1
7821 6.14766e+06 2584.78
7822 6.14609e+06 2583.46
7823 6.14452e+06 2582.14
7824 6.14294e+06 2580.82
7825 6.14137e+06 2579.5
7826 6.1398e+06 2578.18
7827 6.13824e+06 2576.86
7828 6.13667e+06 2575.54
7829 6.1351e+06 2574.23
7830 6.13353e+06 2572.91
7831 6.13196e+06 2571.6
7832 6.1304e+06 2570.29
7833 6.12883e+06 2568.98
7834 6.12727e+06 2567.66
7835 6.1257e+06 2566.35
7836 6.12414e+06 2565.04
7837 6.12258e+06 2563.73
7838 6.12101e+06 2562.43
7839 6.11945e+06 2561.12
7840 6.11789e+06 2559.81
7841 6.11633e+06 2558.51
7842 6.11477e+06 2557.2
7843 6.11321e+06 2555.9
7844 6.11165e+06 2554.6
7845 6.11009e+06 2553.29
7846 6.10853e+06 2551.99
7847 6.10698e+06 2550.69
7848 6.10542e+06 2549.39
7849 6.10386e+06 2548.09
7850 6.10231e+06 2546.79
7851 6.10075e+06 2545.5
7852 6.0992e+06 2544.2
7853 6.09764e+06 2542.9
7854 6.09609e+06 2541.61
7855 6.09454e+06 2540.32
7856 6.09299e+06 2539.02
7857 6.09144e+06 2537.73
7858 6.08988e+06 2536.44
7859 6.08833e+06 2535.15
7860 6.08678e+06 2533.86
7861 6.08524e+06 2532.57
7862 6.08369e+06 2531.28
7863 6.08214e+06 2529.99
7864 6.08059e+06 2528.71
7865 6.07905e+06 2527.42
7866 6.0775e+06 2526.14
7867 6.07595e+06 2524.85
7868 6.07441e+06 2523.57
7869 6.07287e+06 2522.29
7870 6.07132e+06 2521
7871 6.06978e+06 2519.72
7872 6.06824e+06 2518.44
7873 6.06669e+06 2517.16
7874 6.06515e+06 2515.88
7875 6.06361e+06 2514.61
7876 6.06207e+06 2513.33
7877 6.06053e+06 2512.05
7878 6.05899e+06 2510.78
7879 6.05745e+06 2509.5
7880 6.05592e+06 2508.23
7881 6.05438e+06 2506.96
7882 6.05284e+06 2505.69
7883 6.05131e+06 2504.42
7884 6.04977e+06 2503.14
7885 6.04824e+06 2501.88
7886 6.0467e+06 2500.61
7887 6.04517e+06 2499.34
7888 6.04364e+06 2498.07
7889 6.0421e+06 2496.8
7890 6.04057e+06 2495.54
7891 6.03904e+06 2494.27
7892 6.03751e+06 2493.01
7893 6.03598e+06 2491.75
7894 6.03445e+06 2490.48
7895 6.03292e+06 2489.22
7896 6.03139e+06 2487.96
7897 6.02986e+06 2486.7
7898 6.02834e+06 2485.44
7899 6.02681e+06 2484.19
7900 6.02528e+06 2482.93
7901 6.02376e+06 2481.67
7902 6.02223e+06 2480.41
7903 6.02071e+06 2479.16
7904 6.01918e+06 2477.91
7905 6.01766e+06 2476.65
7906 6.01614e+06 2475.4
7907 6.01462e+06 2474.15
7908 6.0131e+06 2472.9
7909 6.01157e+06 2471.65
7910 6.01005e+06 2470.4
7911 6.00853e+06 2469.15
7912 6.00701e+06 2467.9
7913 6.0055e+06 2466.65
7914 6.00398e+06 2465.4
7915 6.00246e+06 2464.16
7916 6.00094e+06 2462.91
7917 5.99943e+06 2461.67
7918 5.99791e+06 2460.43
7919 5.9964e+06 2459.18
7920 5.99488e+06 2457.94
7921 5.99337e+06 2456.7
7922 5.99185e+06 2455.46
7923 5.99034e+06 2454.22
7924 5.98883e+06 2452.98
7925 5.98732e+06 2451.75
7926 5.98581e+06 2450.51
7927 5.9843e+06 2449.27
7928 5.98279e+06 2448.04
7929 5.98128e+06 2446.8
7930 5.97977e+06 2445.57
7931 5.97826e+06 2444.33
7932 5.97675e+06 2443.1
7933 5.97524e+06 2441.87
7934 5.97374e+06 2440.64
7935 5.97223e+06 2439.41
7936 5.97073e+06 2438.18
7937 5.96922e+06 2436.95
7938 5.96772e+06 2435.72
7939 5.96621e+06 2434.5
7940 5.96471e+06 2433.27
7941 5.96321e+06 2432.05
7942 5.9617e+06 2430.82
7943 5.9602e+06 2429.6
7944 5.9587e+06 2428.37
7945 5.9572e+06 2427.15
7946 5.9557e+06 2425.93
7947 5.9542e+06 2424.71
7948 5.9527e+06 2423.49
7949 5.95121e+06 2422.27
7950 5.94971e+06 2421.05
7951 5.94821e+06 2419.83
7952 5.94672e+06 2418.62
7953 5.94522e+06 2417.4
7954 5.94372e+06 2416.18
7955 5.94223e+06 2414.97
7956 5.94074e+06 2413.76
7957 5.93924e+06 2412.54
7958 5.93775e+06 2411.33
7959 5.93626e+06 2410.12
7960 5.93476e+06 2408.91
7961 5.93327e+06 2407.7
7962 5.93178e+06 2406.49
7963 5.93029e+06 2405.28
7964 5.9288e+06 2404.07
7965 5.92731e+06 2402.86
7966 5.92583e+06 2401.66
7967 5.92434e+06 2400.45
7968 5.92285e+06 2399.25
7969 5.92136e+06 2398.04
7970 5.91988e+06 2396.84
7971 5.91839e+06 2395.64
7972 5.91691e+06 2394.44
7973 5.91542e+06 2393.24
7974 5.91394e+06 2392.03
7975 5.91245e+06 2390.84
7976 5.91097e+06 2389.64
7977 5.90949e+06 2388.44
7978 5.90801e+06 2387.24
7979 5.90653e+06 2386.04
7980 5.90504e+06 2384.85
7981 5.90356e+06 2383.65
7982 5.90208e+06 2382.46
7983 5.90061e+06 2381.27
7984 5.89913e+06 2380.07
7985 5.89765e+06 2378.88
7986 5.89617e+06 2377.69
7987 5.8947e+06 2376.5
7988 5.89322e+06 2375.31
7989 5.89174e+06 2374.12
7990 5.89027e+06 2372.93
7991 5.88879e+06 2371.74
7992 5.88732e+06 2370.56
7993 5.88585e+06 2369.37
7994 5.88437e+06 2368.19
7995 5.8829e+06 2367
7996 5.88143e+06 2365.82
7997 5.87996e+06 2364.63
7998 5.87849e+06 2363.45
7999 5.87702e+06 2362.27
8000 5.87555e+06 2361.09
8001 5.87408e+06 2359.91
8002 5.87261e+06 2358.73
8003 5.87114e+06 2357.55
8004 5.86967e+06 2356.37
8005 5.86821e+06 2355.2
8006 5.86674e+06 2354.02
8007 5.86528e+06 2352.84
8008 5.86381e+06 2351.67
8009 5.86235e+06 2350.49
8010 5.86088e+06 2349.32
8011 5.85942e+06 2348.15
8012 5.85795e+06 2346.98
8013 5.85649e+06 2345.8
8014 5.85503e+06 2344.63
8015 5.85357e+06 2343.46
8016 5.85211e+06 2342.29
8017 5.85065e+06 2341.13
8018 5.84919e+06 2339.96
8019 5.84773e+06 2338.79
8020 5.84627e+06 2337.63
8021 5.84481e+06 2336.46
8022 5.84335e+06 2335.3
8023 5.8419e+06 2334.13
8024 5.84044e+06 2332.97
8025 5.83899e+06 2331.81
8026 5.83753e+06 2330.64
8027 5.83608e+06 2329.48
8028 5.83462e+06 2328.32
8029 5.83317e+06 2327.16
8030 5.83171e+06 2326
8031 5.83026e+06 2324.84
8032 5.82881e+06 2323.69
8033 5.82736e+06 2322.53
8034 5.82591e+06 2321.37
8035 5.82446e+06 2320.22
8036 5.82301e+06 2319.06
8037 5.82156e+06 2317.91
8038 5.82011e+06 2316.76
8039 5.81866e+06 2315.6
8040 5.81721e+06 2314.45
8041 5.81576e+06 2313.3
8042 5.81432e+06 2312.15
8043 5.81287e+06 2311
8044 5.81143e+06 2309.85
8045 5.80998e+06 2308.7
8046 5.80854e+06 2307.56
8047 5.80709e+06 2306.41
8048 5.80565e+06 2305.26
8049 5.80421e+06 2304.12
8050 5.80276e+06 2302.97
8051 5.80132e+06 2301.83
8052 5.79988e+06 2300.69
8053 5.79844e+06 2299.54
8054 5.797e+06 2298.4
8055 5.79556e+06 2297.26
8056 5.79412e+06 2296.12
8057 5.79268e+06 2294.98
8058 5.79124e+06 2293.84
8059 5.78981e+06 2292.7
8060 5.78837e+06 2291.57
8061 5.78693e+06 2290.43
8062 5.7855e+06 2289.29
8063 5.78406e+06 2288.16
8064 5.78263e+06 2287.02
8065 5.78119e+06 2285.89
8066 5.77976e+06 2284.75
8067 5.77833e+06 2283.62
8068 5.77689e+06 2282.49
8069 5.77546e+06 2281.36
8070 5.77403e+06 2280.23
8071 5.7726e+06 2279.1
8072 5.77117e+06 2277.97
8073 5.76974e+06 2276.84
8074 5.76831e+06 2275.71
8075 5.76688e+06 2274.59
8076 5.76545e+06 2273.46
8077 5.76402e+06 2272.33
8078 5.76259e+06 2271.21
8079 5.76117e+06 2270.08
8080 5.75974e+06 2268.96
8081 5.75832e+06 2267.84
8082 5.75689e+06 2266.72
8083 5.75547e+06 2265.59
8084 5.75404e+06 2264.47
8085 5.75262e+06 2263.35
8086 5.75119e+06 2262.23
8087 5.74977e+06 2261.11
8088 5.74835e+06 2260
8089 5.74693e+06 2258.88
8090 5.74551e+06 2257.76
8091 5.74409e+06 2256.65
8092 5.74267e+06 2255.53
8093 5.74125e+06 2254.42
8094 5.73983e+06 2253.3
8095 5.73841e+06 2252.19
8096 5.73699e+06 2251.08
8097 5.73557e+06 2249.97
8098 5.73416e+06 2248.85
8099 5.73274e+06 2247.74
8100 5.73132e+06 2246.63
8101 5.72991e+06 2245.52
8102 5.72849e+06 2244.42
8103 5.72708e+06 2243.31
8104 5.72567e+06 2242.2
8105 5.72425e+06 2241.1
8106 5.72284e+06 2239.99
8107 5.72143e+06 2238.88
8108 5.72002e+06 2237.78
8109 5.71861e+06 2236.68
8110 5.7172e+06 2235.57
8111 5.71579e+06 2234.47
8112 5.71438e+06 2233.37
8113 5.71297e+06 2232.27
8114 5.71156e+06 2231.17
8115 5.71015e+06 2230.07
8116 5.70874e+06 2228.97
8117 5.70734e+06 2227.87
8118 5.70593e+06 2226.77
8119 5.70452e+06 2225.68
8120 5.70312e+06 2224.58
8121 5.70171e+06 2223.49
8122 5.70031e+06 2222.39
8123 5.69891e+06 2221.3
8124 5.6975e+06 2220.2
8125 5.6961e+06 2219.11
8126 5.6947e+06 2218.02
8127 5.6933e+06 2216.93
8128 5.69189e+06 2215.84
8129 5.69049e+06 2214.75
8130 5.68909e+06 2213.66
8131 5.68769e+06 2212.57
8132 5.68629e+06 2211.48
8133 5.6849e+06 2210.39
8134 5.6835e+06 2209.31
8135 5.6821e+06 2208.22
8136 5.6807e+06 2207.13
8137 5.67931e+06 2206.05
8138 5.67791e+06 2204.96
8139 5.67651e+06 2203.88
8140 5.67512e+06 2202.8
8141 5.67372e+06 2201.72
8142 5.67233e+06 2200.63
8143 5.67094e+06 2199.55
8144 5.66954e+06 2198.47
8145 5.66815e+06 2197.39
8146 5.66676e+06 2196.32
8147 5.66537e+06 2195.24
8148 5.66398e+06 2194.16
8149 5.66259e+06 2193.08
8150 5.6612e+06 2192.01
8151 5.65981e+06 2190.93
8152 5.65842e+06 2189.86
8153 5.65703e+06 2188.78
8154 5.65564e+06 2187.71
8155 5.65426e+06 2186.64
8156 5.65287e+06 2185.56
8157 5.65148e+06 2184.49
8158 5.6501e+06 2183.42
8159 5.64871e+06 2182.35
8160 5.64733e+06 2181.28
8161 5.64594e+06 2180.21
8162 5.64456e+06 2179.14
8163 5.64317e+06 2178.08
8164 5.64179e+06 2177.01
8165 5.64041e+06 2175.94
8166 5.63903e+06 2174.88
8167 5.63765e+06 2173.81
8168 5.63627e+06 2172.75
8169 5.63489e+06 2171.68
8170 5.63351e+06 2170.62
8171 5.63213e+06 2169.56
8172 5.63075e+06 2168.5
8173 5.62937e+06 2167.44
8174 5.62799e+06 2166.38
8175 5.62662e+06 2165.32
8176 5.62524e+06 2164.26
8177 5.62386e+06 2163.2
8178 5.62249e+06 2162.14
8179 5.62111e+06 2161.08
8180 5.61974e+06 2160.03
8181 5.61836e+06 2158.97
8182 5.61699e+06 2157.92
8183 5.61562e+06 2156.86
8184 5.61424e+06 2155.81
8185 5.61287e+06 2154.75
8186 5.6115e+06 2153.7
8187 5.61013e+06 2152.65
8188 5.60876e+06 2151.6
8189 5.60739e+06 2150.55
8190 5.60602e+06 2149.5
8191 5.60465e+06 2148.45
8192 5.60328e+06 2147.4
8193 5.60191e+06 2146.35
8194 5.60054e+06 2145.3
8195 5.59918e+06 2144.26
8196 5.59781e+06 2143.21
8197 5.59644e+06 2142.16
8198 5.59508e+06 2141.12
8199 5.59371e+06 2140.07
8200 5.59235e+06 2139.03
8201 5.59098e+06 2137.99
8202 5.58962e+06 2136.94
8203 5.58826e+06 2135.9
8204 5.5869e+06 2134.86
8205 5.58553e+06 2133.82
8206 5.58417e+06 2132.78
8207 5.58281e+06 2131.74
8208 5.58145e+06 2130.7
8209 5.58009e+06 2129.67
8210 5.57873e+06 2128.63
8211 5.57737e+06 2127.59
8212 5.57601e+06 2126.56
8213 5.57465e+06 2125.52
8214 5.5733e+06 2124.48
8215 5.57194e+06 2123.45
8216 5.57058e+06 2122.42
8217 5.56923e+06 2121.38
8218 5.56787e+06 2120.35
8219 5.56652e+06 2119.32
8220 5.56516e+06 2118.29
8221 5.56381e+06 2117.26
8222 5.56245e+06 2116.23
8223 5.5611e+06 2115.2
8224 5.55975e+06 2114.17
8225 5.55839e+06 2113.14
8226 5.55704e+06 2112.12
8227 5.55569e+06 2111.09
8228 5.55434e+06 2110.06
8229 5.55299e+06 2109.04
8230 5.55164e+06 2108.01
8231 5.55029e+06 2106.99
8232 5.54894e+06 2105.96
8233 5.54759e+06 2104.94
8234 5.54625e+06 2103.92
8235 5.5449e+06 2102.9
8236 5.54355e+06 2101.88
8237 5.54221e+06 2100.86
8238 5.54086e+06 2099.84
8239 5.53952e+06 2098.82
8240 5.53817e+06 2097.8
8241 5.53683e+06 2096.78
8242 5.53548e+06 2095.76
8243 5.53414e+06 2094.75
8244 5.5328e+06 2093.73
8245 5.53145e+06 2092.71
8246 5.53011e+06 2091.7
8247 5.52877e+06 2090.68
8248 5.52743e+06 2089.67
8249 5.52609e+06 2088.66
8250 5.52475e+06 2087.64
8251 5.52341e+06 2086.63
8252 5.52207e+06 2085.62
8253 5.52073e+06 2084.61
8254 5.51939e+06 2083.6
8255 5.51806e+06 2082.59
8256 5.51672e+06 2081.58
8257 5.51538e+06 2080.57
8258 5.51405e+06 2079.57
8259 5.51271e+06 2078.56
8260 5.51138e+06 2077.55
8261 5.51004e+06 2076.55
8262 5.50871e+06 2075.54
8263 5.50737e+06 2074.54
8264 5.50604e+06 2073.53
8265 5.50471e+06 2072.53
8266 5.50338e+06 2071.53
8267 5.50204e+06 2070.53
8268 5.50071e+06 2069.52
8269 5.49938e+06 2068.52
8270 5.49805e+06 2067.52
8271 5.49672e+06 2066.52
8272 5.49539e+06 2065.52
8273 5.49406e+06 2064.53
8274 5.49274e+06 2063.53
8275 5.49141e+06 2062.53
8276 5.49008e+06 2061.53
8277 5.48875e+06 2060.54
8278 5.48743e+06 2059.54
8279 5.4861e+06 2058.55
8280 5.48478e+06 2057.55
8281 5.48345e+06 2056.56
8282 5.48213e+06 2055.57
8283 5.4808e+06 2054.57
8284 5.47948e+06 2053.58
8285 5.47816e+06 2052.59
8286 5.47683e+06 2051.6
8287 5.47551e+06 2050.61
8288 5.47419e+06 2049.62
8289 5.47287e+06 2048.63
8290 5.47155e+06 2047.64
8291 5.47023e+06 2046.66
8292 5.46891e+06 2045.67
8293 5.46759e+06 2044.68
8294 5.46627e+06 2043.7
8295 5.46495e+06 2042.71
8296 5.46363e+06 2041.73
8297 5.46232e+06 2040.74
8298 5.461e+06 2039.76
8299 5.45968e+06 2038.78
8300 5.45837e+06 2037.79
8301 5.45705e+06 2036.81
8302 5.45574e+06 2035.83
8303 5.45442e+06 2034.85
8304 5.45311e+06 2033.87
8305 5.4518e+06 2032.89
8306 5.45048e+06 2031.91
8307 5.44917e+06 2030.93
8308 5.44786e+06 2029.96
8309 5.44655e+06 2028.98
8310 5.44523e+06 2028
8311 5.44392e+06 2027.03
8312 5.44261e+06 2026.05
8313 5.4413e+06 2025.08
8314 5.44e+06 2024.1
8315 5.43869e+06 2023.13
8316 5.43738e+06 2022.16
8317 5.43607e+06 2021.18
8318 5.43476e+06 2020.21
8319 5.43346e+06 2019.24
8320 5.43215e+06 2018.27
8321 5.43084e+06 2017.3
8322 5.42954e+06 2016.33
8323 5.42823e+06 2015.36
8324 5.42693e+06 2014.39
8325 5.42562e+06 2013.42
8326 5.42432e+06 2012.46
8327 5.42302e+06 2011.49
8328 5.42172e+06 2010.53
8329 5.42041e+06 2009.56
8330 5.41911e+06 2008.6
8331 5.41781e+06 2007.63
8332 5.41651e+06 2006.67
8333 5.41521e+06 2005.7
8334 5.41391e+06 2004.74
8335 5.41261e+06 2003.78
8336 5.41131e+06 2002.82
8337 5.41001e+06 2001.86
8338 5.40871e+06 2000.9
8339 5.40742e+06 1999.94
8340 5.40612e+06 1998.98
8341 5.40482e+06 1998.02
8342 5.40353e+06 1997.06
8343 5.40223e+06 1996.11
8344 5.40094e+06 1995.15
8345 5.39964e+06 1994.19
8346 5.39835e+06 1993.24
8347 5.39705e+06 1992.28
8348 5.39576e+06 1991.33
8349 5.39447e+06 1990.37
8350 5.39318e+06 1989.42
8351 5.39188e+06 1988.47
8352 5.39059e+06 1987.52
8353 5.3893e+06 1986.56
8354 5.38801e+06 1985.61
8355 5.38672e+06 1984.66
8356 5.38543e+06 1983.71
8357 5.38414e+06 1982.76
8358 5.38285e+06 1981.81
8359 5.38156e+06 1980.87
8360 5.38028e+06 1979.92
8361 5.37899e+06 1978.97
8362 5.3777e+06 1978.02
8363 5.37642e+06 1977.08
8364 5.37513e+06 1976.13
8365 5.37385e+06 1975.19
8366 5.37256e+06 1974.24
8367 5.37128e+06 1973.3
8368 5.36999e+06 1972.36
8369 5.36871e+06 1971.42
8370 5.36743e+06 1970.47
8371 5.36614e+06 1969.53
8372 5.36486e+06 1968.59
8373 5.36358e+06 1967.65
8374 5.3623e+06 1966.71
8375 5.36102e+06 1965.77
8376 5.35974e+06 1964.83
8377 5.35846e+06 1963.9
8378 5.35718e+06 1962.96
8379 5.3559e+06 1962.02
8380 5.35462e+06 1961.08
8381 5.35334e+06 1960.15
8382 5.35206e+06 1959.21
8383 5.35079e+06 1958.28
8384 5.34951e+06 1957.34
8385 5.34823e+06 1956.41
8386 5.34696e+06 1955.48
8387 5.34568e+06 1954.55
8388 5.34441e+06 1953.61
8389 5.34313e+06 1952.68
8390 5.34186e+06 1951.75
8391 5.34059e+06 1950.82
8392 5.33931e+06 1949.89
8393 5.33804e+06 1948.96
8394 5.33677e+06 1948.03
8395 5.3355e+06 1947.11
8396 5.33422e+06 1946.18
8397 5.33295e+06 1945.25
8398 5.33168e+06 1944.33
8399 5.33041e+06 1943.4
8400 5.32914e+06 1942.47
8401 5.32788e+06 1941.55
8402 5.32661e+06 1940.63
8403 5.32534e+06 1939.7
8404 5.32407e+06 1938.78
8405 5.3228e+06 1937.86
8406 5.32154e+06 1936.93
8407 5.32027e+06 1936.01
8408 5.31901e+06 1935.09
8409 5.31774e+06 1934.17
8410 5.31648e+06 1933.25
8411 5.31521e+06 1932.33
8412 5.31395e+06 1931.41
8413 5.31268e+06 1930.5
8414 5.31142e+06 1929.58
8415 5.31016e+06 1928.66
8416 5.3089e+06 1927.74
8417 5.30763e+06 1926.83
8418 5.30637e+06 1925.91
8419 5.30511e+06 1925
8420 5.30385e+06 1924.08
8421 5.30259e+06 1923.17
8422 5.30133e+06 1922.26
8423 5.30007e+06 1921.34
8424 5.29881e+06 1920.43
8425 5.29756e+06 1919.52
8426 5.2963e+06 1918.61
8427 5.29504e+06 1917.7
8428 5.29378e+06 1916.79
8429 5.29253e+06 1915.88
8430 5.29127e+06 1914.97
8431 5.29002e+06 1914.06
8432 5.28876e+06 1913.15
8433 5.28751e+06 1912.25
8434 5.28625e+06 1911.34
8435 5.285e+06 1910.43
8436 5.28375e+06 1909.53
8437 5.28249e+06 1908.62
8438 5.28124e+06 1907.72
8439 5.27999e+06 1906.81
8440 5.27874e+06 1905.91
8441 5.27749e+06 1905.01
8442 5.27624e+06 1904.11
8443 5.27499e+06 1903.2
8444 5.27374e+06 1902.3
8445 5.27249e+06 1901.4
8446 5.27124e+06 1900.5
8447 5.26999e+06 1899.6
8448 5.26874e+06 1898.7
8449 5.26749e+06 1897.8
8450 5.26625e+06 1896.9
8451 5.265e+06 1896.01
8452 5.26375e+06 1895.11
8453 5.26251e+06 1894.21
8454 5.26126e+06 1893.32
8455 5.26002e+06 1892.42
8456 5.25877e+06 1891.53
8457 5.25753e+06 1890.63
8458 5.25629e+06 1889.74
8459 5.25504e+06 1888.84
8460 5.2538e+06 1887.95
8461 5.25256e+06 1887.06
8462 5.25132e+06 1886.17
8463 5.25008e+06 1885.28
8464 5.24884e+06 1884.39
8465 5.24759e+06 1883.5
8466 5.24636e+06 1882.61
8467 5.24512e+06 1881.72
8468 5.24388e+06 1880.83
8469 5.24264e+06 1879.94
8470 5.2414e+06 1879.05
8471 5.24016e+06 1878.16
8472 5.23892e+06 1877.28
8473 5.23769e+06 1876.39
8474 5.23645e+06 1875.51
8475 5.23522e+06 1874.62
8476 5.23398e+06 1873.74
8477 5.23274e+06 1872.85
8478 5.23151e+06 1871.97
8479 5.23028e+06 1871.09
8480 5.22904e+06 1870.2
8481 5.22781e+06 1869.32
8482 5.22658e+06 1868.44
8483 5.22534e+06 1867.56
8484 5.22411e+06 1866.68
8485 5.22288e+06 1865.8
8486 5.22165e+06 1864.92
8487 5.22042e+06 1864.04
8488 5.21919e+06 1863.16
8489 5.21796e+06 1862.29
8490 5.21673e+06 1861.41
8491 5.2155e+06 1860.53
8492 5.21427e+06 1859.66
8493 5.21304e+06 1858.78
8494 5.21181e+06 1857.9
8495 5.21059e+06 1857.03
8496 5.20936e+06 1856.16
8497 5.20813e+06 1855.28
8498 5.20691e+06 1854.41
8499 5.20568e+06 1853.54
8500 5.20446e+06 1852.66
8501 5.20323e+06 1851.79
8502 5.20201e+06 1850.92
8503 5.20078e+06 1850.05
8504 5.19956e+06 1849.18
8505 5.19834e+06 1848.31
8506 5.19712e+06 1847.44
8507 5.19589e+06 1846.57
8508 5.19467e+06 1845.71
8509 5.19345e+06 1844.84
8510 5.19223e+06 1843.97
8511 5.19101e+06 1843.1
8512 5.18979e+06 1842.24
8513 5.18857e+06 1841.37
8514 5.18735e+06 1840.51
8515 5.18613e+06 1839.64
8516 5.18491e+06 1838.78
8517 5.1837e+06 1837.92
8518 5.18248e+06 1837.05
8519 5.18126e+06 1836.19
8520 5.18004e+06 1835.33
8521 5.17883e+06 1834.47
8522 5.17761e+06 1833.61
8523 5.1764e+06 1832.75
8524 5.17518e+06 1831.89
8525 5.17397e+06 1831.03
8526 5.17275e+06 1830.17
8527 5.17154e+06 1829.31
8528 5.17033e+06 1828.45
8529 5.16912e+06 1827.59
8530 5.1679e+06 1826.74
8531 5.16669e+06 1825.88
8532 5.16548e+06 1825.03
8533 5.16427e+06 1824.17
8534 5.16306e+06 1823.32
8535 5.16185e+06 1822.46
8536 5.16064e+06 1821.61
8537 5.15943e+06 1820.75
8538 5.15822e+06 1819.9
8539 5.15701e+06 1819.05
8540 5.1558e+06 1818.2
8541 5.1546e+06 1817.35
8542 5.15339e+06 1816.49
8543 5.15218e+06 1815.64
8544 5.15098e+06 1814.79
8545 5.14977e+06 1813.95
8546 5.14857e+06 1813.1
8547 5.14736e+06 1812.25
8548 5.14616e+06 1811.4
8549 5.14495e+06 1810.55
8550 5.14375e+06 1809.71
8551 5.14254e+06 1808.86
8552 5.14134e+06 1808.01
8553 5.14014e+06 1807.17
8554 5.13894e+06 1806.32
8555 5.13774e+06 1805.48
8556 5.13653e+06 1804.63
8557 5.13533e+06 1803.79
8558 5.13413e+06 1802.95
8559 5.13293e+06 1802.11
8560 5.13173e+06 1801.26
8561 5.13053e+06 1800.42
8562 5.12934e+06 1799.58
8563 5.12814e+06 1798.74
8564 5.12694e+06 1797.9
8565 5.12574e+06 1797.06
8566 5.12455e+06 1796.22
8567 5.12335e+06 1795.38
8568 5.12215e+06 1794.55
8569 5.12096e+06 1793.71
8570 5.11976e+06 1792.87
8571 5.11857e+06 1792.03
8572 5.11737e+06 1791.2
8573 5.11618e+06 1790.36
8574 5.11498e+06 1789.53
8575 5.11379e+06 1788.69
8576 5.1126e+06 1787.86
8577 5.11141e+06 1787.03
8578 5.11021e+06 1786.19
8579 5.10902e+06 1785.36
8580 5.10783e+06 1784.53
8581 5.10664e+06 1783.7
8582 5.10545e+06 1782.86
8583 5.10426e+06 1782.03
8584 5.10307e+06 1781.2
8585 5.10188e+06 1780.37
8586 5.10069e+06 1779.54
8587 5.0995e+06 1778.72
8588 5.09832e+06 1777.89
8589 5.09713e+06 1777.06
8590 5.09594e+06 1776.23
8591 5.09476e+06 1775.41
8592 5.09357e+06 1774.58
8593 5.09238e+06 1773.75
8594 5.0912e+06 1772.93
8595 5.09001e+06 1772.1
8596 5.08883e+06 1771.28
8597 5.08764e+06 1770.45
8598 5.08646e+06 1769.63
8599 5.08528e+06 1768.81
8600 5.0841e+06 1767.99
8601 5.08291e+06 1767.16
8602 5.08173e+06 1766.34
8603 5.08055e+06 1765.52
8604 5.07937e+06 1764.7
8605 5.07819e+06 1763.88
8606 5.07701e+06 1763.06
8607 5.07583e+06 1762.24
8608 5.07465e+06 1761.42
8609 5.07347e+06 1760.6
8610 5.07229e+06 1759.79
8611 5.07111e+06 1758.97
8612 5.06993e+06 1758.15
8613 5.06876e+06 1757.34
8614 5.06758e+06 1756.52
8615 5.0664e+06 1755.7
8616 5.06523e+06 1754.89
8617 5.06405e+06 1754.07
8618 5.06287e+06 1753.26
8619 5.0617e+06 1752.45
8620 5.06052e+06 1751.63
8621 5.05935e+06 1750.82
8622 5.05818e+06 1750.01
8623 5.057e+06 1749.2
8624 5.05583e+06 1748.39
8625 5.05466e+06 1747.58
8626 5.05348e+06 1746.77
8627 5.05231e+06 1745.96
8628 5.05114e+06 1745.15
8629 5.04997e+06 1744.34
8630 5.0488e+06 1743.53
8631 5.04763e+06 1742.72
8632 5.04646e+06 1741.91
8633 5.04529e+06 1741.11
8634 5.04412e+06 1740.3
8635 5.04295e+06 1739.49
8636 5.04179e+06 1738.69
8637 5.04062e+06 1737.88
8638 5.03945e+06 1737.08
8639 5.03828e+06 1736.27
8640 5.03712e+06 1735.47
8641 5.03595e+06 1734.67
8642 5.03479e+06 1733.87
8643 5.03362e+06 1733.06
8644 5.03245e+06 1732.26
8645 5.03129e+06 1731.46
8646 5.03013e+06 1730.66
8647 5.02896e+06 1729.86
8648 5.0278e+06 1729.06
8649 5.02664e+06 1728.26
8650 5.02547e+06 1727.46
8651 5.02431e+06 1726.66
8652 5.02315e+06 1725.86
8653 5.02199e+06 1725.07
8654 5.02083e+06 1724.27
8655 5.01967e+06 1723.47
8656 5.01851e+06 1722.68
8657 5.01735e+06 1721.88
8658 5.01619e+06 1721.08
8659 5.01503e+06 1720.29
8660 5.01387e+06 1719.49
8661 5.01271e+06 1718.7
8662 5.01156e+06 1717.91
8663 5.0104e+06 1717.11
8664 5.00924e+06 1716.32
8665 5.00809e+06 1715.53
8666 5.00693e+06 1714.74
8667 5.00577e+06 1713.95
8668 5.00462e+06 1713.16
8669 5.00346e+06 1712.37
8670 5.00231e+06 1711.58
8671 5.00116e+06 1710.79
8672 5e+06 1710
8673 4.99885e+06 1709.21
8674 4.9977e+06 1708.42
8675 4.99654e+06 1707.63
8676 4.99539e+06 1706.85
8677 4.99424e+06 1706.06
8678 4.99309e+06 1705.27
8679 4.99194e+06 1704.49
8680 4.99079e+06 1703.7
8681 4.98964e+06 1702.92
8682 4.98849e+06 1702.13
8683 4.98734e+06 1701.35
8684 4.98619e+06 1700.56
8685 4.98504e+06 1699.78
8686 4.98389e+06 1699
8687 4.98274e+06 1698.22
8688 4.9816e+06 1697.44
8689 4.98045e+06 1696.65
8690 4.9793e+06 1695.87
8691 4.97816e+06 1695.09
8692 4.97701e+06 1694.31
8693 4.97587e+06 1693.53
8694 4.97472e+06 1692.75
8695 4.97358e+06 1691.98
8696 4.97243e+06 1691.2
8697 4.97129e+06 1690.42
8698 4.97015e+06 1689.64
8699 4.969e+06 1688.87
8700 4.96786e+06 1688.09
8701 4.96672e+06 1687.31
8702 4.96558e+06 1686.54
8703 4.96444e+06 1685.76
8704 4.9633e+06 1684.99
8705 4.96215e+06 1684.21
8706 4.96101e+06 1683.44
8707 4.95987e+06 1682.67
8708 4.95874e+06 1681.89
8709 4.9576e+06 1681.12
8710 4.95646e+06 1680.35
8711 4.95532e+06 1679.58
8712 4.95418e+06 1678.81
8713 4.95304e+06 1678.04
8714 4.95191e+06 1677.27
8715 4.95077e+06 1676.5
8716 4.94963e+06 1675.73
8717 4.9485e+06 1674.96
8718 4.94736e+06 1674.19
8719 4.94623e+06 1673.42
8720 4.94509e+06 1672.66
8721 4.94396e+06 1671.89
8722 4.94283e+06 1671.12
8723 4.94169e+06 1670.36
8724 4.94056e+06 1669.59
8725 4.93943e+06 1668.82
8726 4.93829e+06 1668.06
8727 4.93716e+06 1667.3
8728 4.93603e+06 1666.53
8729 4.9349e+06 1665.77
8730 4.93377e+06 1665
8731 4.93264e+06 1664.24
8732 4.93151e+06 1663.48
8733 4.93038e+06 1662.72
8734 4.92925e+06 1661.96
8735 4.92812e+06 1661.2
8736 4.92699e+06 1660.44
8737 4.92586e+06 1659.68
8738 4.92474e+06 1658.92
8739 4.92361e+06 1658.16
8740 4.92248e+06 1657.4
8741 4.92135e+06 1656.64
8742 4.92023e+06 1655.88
8743 4.9191e+06 1655.12
8744 4.91798e+06 1654.37
8745 4.91685e+06 1653.61
8746 4.91573e+06 1652.85
8747 4.9146e+06 1652.1
8748 4.91348e+06 1651.34
8749 4.91236e+06 1650.59
8750 4.91123e+06 1649.83
8751 4.91011e+06 1649.08
8752 4.90899e+06 1648.33
8753 4.90787e+06 1647.57
8754 4.90675e+06 1646.82
8755 4.90562e+06 1646.07
8756 4.9045e+06 1645.32
8757 4.90338e+06 1644.56
8758 4.90226e+06 1643.81
8759 4.90114e+06 1643.06
8760 4.90002e+06 1642.31
8761 4.89891e+06 1641.56
8762 4.89779e+06 1640.81
8763 4.89667e+06 1640.07
8764 4.89555e+06 1639.32
8765 4.89443e+06 1638.57
8766 4.89332e+06 1637.82
8767 4.8922e+06 1637.07
8768 4.89108e+06 1636.33
8769 4.88997e+06 1635.58
8770 4.88885e+06 1634.84
8771 4.88774e+06 1634.09
8772 4.88662e+06 1633.34
8773 4.88551e+06 1632.6
8774 4.8844e+06 1631.86
8775 4.88328e+06 1631.11
8776 4.88217e+06 1630.37
8777 4.88106e+06 1629.63
8778 4.87994e+06 1628.88
8779 4.87883e+06 1628.14
8780 4.87772e+06 1627.4
8781 4.87661e+06 1626.66
8782 4.8755e+06 1625.92
8783 4.87439e+06 1625.18
8784 4.87328e+06 1624.44
8785 4.87217e+06 1623.7
8786 4.87106e+06 1622.96
8787 4.86995e+06 1622.22
8788 4.86884e+06 1621.48
8789 4.86773e+06 1620.74
8790 4.86663e+06 1620.01
8791 4.86552e+06 1619.27
8792 4.86441e+06 1618.53
8793 4.8633e+06 1617.8
8794 4.8622e+06 1617.06
8795 4.86109e+06 1616.33
8796 4.85999e+06 1615.59
8797 4.85888e+06 1614.86
8798 4.85778e+06 1614.12
8799 4.85667e+06 1613.39
8800 4.85557e+06 1612.66
8801 4.85447e+06 1611.92
8802 4.85336e+06 1611.19
8803 4.85226e+06 1610.46
8804 4.85116e+06 1609.73
8805 4.85005e+06 1609
8806 4.84895e+06 1608.27
8807 4.84785e+06 1607.53
8808 4.84675e+06 1606.81
8809 4.84565e+06 1606.08
8810 4.84455e+06 1605.35
8811 4.84345e+06 1604.62
8812 4.84235e+06 1603.89
8813 4.84125e+06 1603.16
8814 4.84015e+06 1602.43
8815 4.83905e+06 1601.71
8816 4.83796e+06 1600.98
8817 4.83686e+06 1600.25
8818 4.83576e+06 1599.53
8819 4.83466e+06 1598.8
8820 4.83357e+06 1598.08
8821 4.83247e+06 1597.35
8822 4.83138e+06 1596.63
8823 4.83028e+06 1595.91
8824 4.82919e+06 1595.18
8825 4.82809e+06 1594.46
8826 4.827e+06 1593.74
8827 4.8259e+06 1593.02
8828 4.82481e+06 1592.29
8829 4.82372e+06 1591.57
8830 4.82262e+06 1590.85
8831 4.82153e+06 1590.13
8832 4.82044e+06 1589.41
8833 4.81935e+06 1588.69
8834 4.81826e+06 1587.97
8835 4.81716e+06 1587.25
8836 4.81607e+06 1586.53
8837 4.81498e+06 1585.82
8838 4.81389e+06 1585.1
8839 4.8128e+06 1584.38
8840 4.81172e+06 1583.67
8841 4.81063e+06 1582.95
8842 4.80954e+06 1582.23
8843 4.80845e+06 1581.52
8844 4.80736e+06 1580.8
8845 4.80628e+06 1580.09
8846 4.80519e+06 1579.37
8847 4.8041e+06 1578.66
8848 4.80302e+06 1577.95
8849 4.80193e+06 1577.23
8850 4.80084e+06 1576.52
8851 4.79976e+06 1575.81
8852 4.79868e+06 1575.1
8853 4.79759e+06 1574.38
8854 4.79651e+06 1573.67
8855 4.79542e+06 1572.96
8856 4.79434e+06 1572.25
8857 4.79326e+06 1571.54
8858 4.79218e+06 1570.83
8859 4.79109e+06 1570.12
8860 4.79001e+06 1569.41
8861 4.78893e+06 1568.71
8862 4.78785e+06 1568
8863 4.78677e+06 1567.29
8864 4.78569e+06 1566.58
8865 4.78461e+06 1565.88
8866 4.78353e+06 1565.17
8867 4.78245e+06 1564.46
8868 4.78137e+06 1563.76
8869 4.78029e+06 1563.05
8870 4.77921e+06 1562.35
8871 4.77814e+06 1561.64
8872 4.77706e+06 1560.94
8873 4.77598e+06 1560.24
8874 4.77491e+06 1559.53
8875 4.77383e+06 1558.83
8876 4.77275e+06 1558.13
8877 4.77168e+06 1557.43
8878 4.7706e+06 1556.72
8879 4.76953e+06 1556.02
8880 4.76845e+06 1555.32
8881 4.76738e+06 1554.62
8882 4.76631e+06 1553.92
8883 4.76523e+06 1553.22
8884 4.76416e+06 1552.52
8885 4.76309e+06 1551.82
8886 4.76201e+06 1551.13
8887 4.76094e+06 1550.43
8888 4.75987e+06 1549.73
8889 4.7588e+06 1549.03
8890 4.75773e+06 1548.34
8891 4.75666e+06 1547.64
8892 4.75559e+06 1546.94
8893 4.75452e+06 1546.25
8894 4.75345e+06 1545.55
8895 4.75238e+06 1544.86
8896 4.75131e+06 1544.16
8897 4.75024e+06 1543.47
8898 4.74918e+06 1542.78
8899 4.74811e+06 1542.08
8900 4.74704e+06 1541.39
8901 4.74597e+06 1540.7
8902 4.74491e+06 1540
8903 4.74384e+06 1539.31
8904 4.74278e+06 1538.62
8905 4.74171e+06 1537.93
8906 4.74065e+06 1537.24
8907 4.73958e+06 1536.55
8908 4.73852e+06 1535.86
8909 4.73745e+06 1535.17
8910 4.73639e+06 1534.48
8911 4.73533e+06 1533.79
8912 4.73426e+06 1533.1
8913 4.7332e+06 1532.42
8914 4.73214e+06 1531.73
8915 4.73108e+06 1531.04
8916 4.73001e+06 1530.35
8917 4.72895e+06 1529.67
8918 4.72789e+06 1528.98
8919 4.72683e+06 1528.3
8920 4.72577e+06 1527.61
8921 4.72471e+06 1526.93
8922 4.72365e+06 1526.24
8923 4.72259e+06 1525.56
8924 4.72154e+06 1524.87
8925 4.72048e+06 1524.19
8926 4.71942e+06 1523.51
8927 4.71836e+06 1522.83
8928 4.71731e+06 1522.14
8929 4.71625e+06 1521.46
8930 4.71519e+06 1520.78
8931 4.71414e+06 1520.1
8932 4.71308e+06 1519.42
8933 4.71202e+06 1518.74
8934 4.71097e+06 1518.06
8935 4.70992e+06 1517.38
8936 4.70886e+06 1516.7
8937 4.70781e+06 1516.02
8938 4.70675e+06 1515.34
8939 4.7057e+06 1514.67
8940 4.70465e+06 1513.99
8941 4.70359e+06 1513.31
8942 4.70254e+06 1512.63
8943 4.70149e+06 1511.96
8944 4.70044e+06 1511.28
8945 4.69939e+06 1510.61
8946 4.69834e+06 1509.93
8947 4.69729e+06 1509.26
8948 4.69624e+06 1508.58
8949 4.69519e+06 1507.91
8950 4.69414e+06 1507.23
8951 4.69309e+06 1506.56
8952 4.69204e+06 1505.89
8953 4.69099e+06 1505.21
8954 4.68994e+06 1504.54
8955 4.6889e+06 1503.87
8956 4.68785e+06 1503.2
8957 4.6868e+06 1502.53
8958 4.68575e+06 1501.86
8959 4.68471e+06 1501.19
8960 4.68366e+06 1500.52
8961 4.68262e+06 1499.85
8962 4.68157e+06 1499.18
8963 4.68053e+06 1498.51
8964 4.67948e+06 1497.84
8965 4.67844e+06 1497.17
8966 4.67739e+06 1496.5
8967 4.67635e+06 1495.84
8968 4.67531e+06 1495.17
8969 4.67427e+06 1494.5
8970 4.67322e+06 1493.84
8971 4.67218e+06 1493.17
8972 4.67114e+06 1492.5
8973 4.6701e+06 1491.84
8974 4.66906e+06 1491.17
8975 4.66802e+06 1490.51
8976 4.66698e+06 1489.84
8977 4.66594e+06 1489.18
8978 4.6649e+06 1488.52
8979 4.66386e+06 1487.85
8980 4.66282e+06 1487.19
8981 4.66178e+06 1486.53
8982 4.66074e+06 1485.87
8983 4.6597e+06 1485.21
8984 4.65867e+06 1484.55
8985 4.65763e+06 1483.88
8986 4.65659e+06 1483.22
8987 4.65556e+06 1482.56
8988 4.65452e+06 1481.9
8989 4.65348e+06 1481.24
8990 4.65245e+06 1480.59
8991 4.65141e+06 1479.93
8992 4.65038e+06 1479.27
8993 4.64934e+06 1478.61
8994 4.64831e+06 1477.95
8995 4.64728e+06 1477.3
8996 4.64624e+06 1476.64
8997 4.64521e+06 1475.98
8998 4.64418e+06 1475.33
8999 4.64314e+06 1474.67
